0.0 95.0 5.0 0.0 0.0
0.0390625 93.17404688805695 5.080365399440009 1.7455877125030383 0.0
0.078125 91.41478236753935 5.125983488457123 3.4592341440035224 0.0
0.1171875 89.73269735371301 5.137348412201538 5.129954234085453 0.0
0.15625 88.13670025627466 5.115865744449064 6.747433999276275 0.0
0.1953125 86.63397300126644 5.063723168460904 8.302303830272665 0.0
0.234375 85.22991683141977 4.983730363403779 9.786352805176461 0.0
0.2734375 83.92817828112733 4.879143791380312 11.192677927492372 0.0
0.3125 82.7307412648736 4.753491051215299 12.515767683911111 0.0
0.3515625 81.63806901000198 4.610406983189676 13.751524006808353 0.0
0.390625 80.64927934104885 4.453490407046321 14.897230251904846 0.0
0.4296875 79.76233811332733 4.2861868625917365 15.951475024080954 0.0
0.46875 78.97425785779623 4.111699482033094 16.914042660170693 0.0
0.5078125 78.2812914322507 3.932927468711343 17.78578109903798 0.0
0.546875 77.67911326873845 3.7524297306799683 18.568457000581606 0.0
0.5859375 77.16298338009098 3.5724100234294265 19.26460659647962 0.0
0.625 76.7278914745186 3.3947194040220636 19.877389121459355 0.0
0.6640625 76.36868025889213 3.2208717500577184 20.41044799105018 0.0
0.703125 76.08014829128163 3.052068399598277 20.867783309120124 0.0
0.7421875 75.85713361772326 2.8892284827010624 21.253637899575704 0.0
0.78125 75.69457996489302 2.7330221271214348 21.57239790798558 0.0
0.8203125 75.58758753314434 2.5839043455180937 21.828508121337595 0.0
0.859375 75.53145051287258 2.442147993191653 22.026401493935797 0.0
0.8984375 75.5216833915955 2.307874692121679 22.17044191628285 0.0
0.9375 75.55403797817527 2.18108303526984 22.264878986554926 0.0
0.9765625 75.62451288151405 2.0616737139102783 22.313813404575715 0.0
1.015625 75.72935697091022 1.949471457142081 22.32117157194774 0.0
1.0546875 75.86506813269904 1.84424384790654 22.290688019394455 0.0
1.09375 76.02838843483482 1.745717196467194 22.22589436869801 0.0
1.1328125 76.21629662476397 1.6535897229093082 22.130113652326756 0.0
1.171875 76.42599871980941 1.567542336081919 22.006458944108694 0.0
1.2109375 76.65491730443813 1.4872473071801444 21.857835388381755 0.0
1.25 76.90068002475034 1.4123751296985543 21.686944845551132 0.0
1.2890625 77.16110766591287 1.3425998399236425 21.496292494163516 0.0
1.328125 77.43420211116036 1.2776030481129572 21.288194840726707 0.0
1.3671875 77.71813440931398 1.2170769034035918 21.064788687282462 0.0
1.40625 78.0112331194157 1.1607261876587036 20.828040692925615 0.0
1.4453125 78.31197305406087 1.1082697064613605 20.57975723947779 0.0
1.484375 78.61896450551707 1.059441120268671 20.32159437421428 0.0
1.5234375 78.93094300913764 1.013989335880238 20.055067654982142 0.0
1.5625 79.2467596755109 0.9716785580823574 19.781561766406764 0.0
1.6015625 79.56537210503608 0.9322880836254626 19.502339811338487 0.0
1.640625 79.88583588516991 0.8956119044671415 19.21855221036297 0.0
1.6796875 80.20729666059798 0.8614581742783861 18.931245165123663 0.0
1.71875 80.52898275934896 0.8296485813382355 18.64136865931283 0.0
1.7578125 80.85019835281241 0.8000176618892846 18.34978398529833 0.0
1.796875 81.17031712426741 0.7724120805543725 18.057270795178244 0.0
1.8359375 81.48877641850036 0.7466898982974473 17.764533683202213 0.0
1.875 81.80507184407467 0.7227198434429061 17.472208312482447 0.0
1.9140625 82.11875229956664 0.7003805972635649 17.18086710316982 0.0
1.953125 82.42941539540365 0.6795601024464598 16.891024502149904 0.0
1.9921875 82.73670324367589 0.6601549002085144 16.60314185611561 0.0
2.03125 83.04029858931935 0.6420694998416695 16.317631910838994 0.0
2.0703125 83.33992125729031 0.6252157829187207 16.03486295979097 0.0
2.109375 83.63532489169502 0.6095124432024843 15.755162665102501 0.0
2.1484375 83.92629396424708 0.5948844624018081 15.478821573351112 0.0
2.1875 84.21264103085667 0.5812626212503582 15.206096347892974 0.0
2.2265625 84.49420421657693 0.5685830449003806 14.937212738522687 0.0
2.265625 84.77084491052271 0.5567867812848333 14.672368308192459 0.0
2.3046875 85.04244565371694 0.5458194108757833 14.411734935407276 0.0
2.34375 85.30890820410092 0.5356306861292004 14.155461109769877 0.0
2.3828125 85.57015176415824 0.5261741988357118 13.903674037006047 0.0
2.421875 85.82611135774545 0.5174070735770719 13.656481568677487 0.0
2.4609375 86.0767363437932 0.5092896855059796 13.413973970700823 0.0
2.5 86.32198905554061 0.5017854007121274 13.176225543747266 0.0
2.5390625 86.56184355489339 0.4948603375018667 12.943296107604755 0.0
2.578125 86.79628449235672 0.48848314699632345 12.715232360646967 0.0
2.6171875 87.02530606378843 0.4826248115383032 12.492069124673272 0.0
2.65625 87.24891105595081 0.47725845948817147 12.273830484561017 0.0
2.6953125 87.46710997351431 0.4723591950802591 12.060530831405426 0.0
2.734375 87.67992024078629 0.46790394210214703 11.852175817111561 0.0
2.7734375 87.88736547200719 0.46387130024790496 11.648763227744904 0.0
2.8125 88.0894748045785 0.4602414130819341 11.450283782339563 0.0
2.8515625 88.28628229006488 0.4569958466317674 11.256721863303355 0.0
2.890625 88.47782633825054 0.45411747770556166 11.068056184043897 0.0
2.9296875 88.66414920993057 0.45159039110282634 10.884260398966603 0.0
2.96875 88.8452965544837 0.4493997849550734 10.705303660561231 0.0
3.0078125 89.02131698860798 0.4475318834965697 10.531151127895457 0.0
3.046875 89.19226171290644 0.4459738566243204 10.36176443046924 0.0
3.0859375 89.35818416328915 0.4447137456609754 10.197102091049882 0.0
3.125 89.51913969441301 0.44374039478473154 10.037119910802268 0.0
3.1640625 89.67518529261383 0.4430433876367217 9.881771319749461 0.0
3.203125 89.8263793159974 0.44261298865908294 9.73100769534354 0.0
3.2421875 89.9727812595506 0.44244008875612073 9.584778651693307 0.0
3.28125 90.11445154331061 0.44251615490697965 9.443032301782434 0.0
3.3203125 90.25145132179183 0.44283318339123307 9.305715494816956 0.0
3.359375 90.38384231301754 0.443383656319045 9.172774030663438 0.0
3.3984375 90.51168664563788 0.4441605011852548 9.044152853176886 0.0
3.4375 90.63504672273842 0.4451570531921007 8.919796224069499 0.0
3.4765625 90.75398510105524 0.44636702010852525 8.799647878836266 0.0
3.515625 90.86856438441453 0.44778444945527324 8.68365116613022 0.0
3.5546875 90.97884713030777 0.4494036978244775 8.571749171867772 0.0
3.59375 91.08489576859765 0.45121940216027623 8.463884829242092 0.0
3.6328125 91.18677253142754 0.4532264528433703 8.360001015729107 0.0
3.671875 91.28453939347699 0.4554199684374323 8.260040638085588 0.0
3.7109375 91.37825802176965 0.4577952719690516 8.163946706261303 0.0
3.75 91.46798973429782 0.4603478686255405 8.071662397076649 0.0
3.7890625 91.55379546678047 0.4630734247665417 7.983131108452994 0.0
3.828125 91.63573574691934 0.46596774815605474 7.898296504924618 0.0
3.8671875 91.7138706755606 0.46902676933131865 7.8171025551080975 0.0
3.90625 91.7882599142091 0.4722465240340229 7.739493561756884 0.0
3.9453125 91.85896267837722 0.4756231366376372 7.665414184985155 0.0
3.984375 91.92603773628221 0.4791528045123044 7.594809459205503 0.0
4.0234375 91.98954341243501 0.4828317832757891 7.52762480428922 0.0
4.0625 92.04953759568893 0.48665637288545727 7.463806031425636 0.0
4.1015625 92.10607775134008 0.4906229045322232 7.403299344127728 0.0
4.140625 92.15922093689221 0.49472772830287226 7.346051334804942 0.0
4.1796875 92.20902382111737 0.49896720158218527 7.29200897730047 0.0
4.21875 92.25554270606027 0.5033376781708754 7.241119615768888 0.0
4.2578125 92.29883355164952 0.5078354980995281 7.193330950250983 0.0
4.296875 92.33895200259212 0.5124569781225258 7.1485910192853925 0.0
4.3359375 92.37595341723939 0.5171984028793591 7.106848179881297 0.0
4.375 92.40989289812362 0.5220560167137915 7.06805108516264 0.0
4.4140625 92.44082532387405 0.5270260161440596 7.032148659981942 0.0
4.453125 92.46880538222968 0.5321045429796784 6.999090074790694 0.0
4.4921875 92.49388760387427 0.5372876780824708 6.968824718043313 0.0
4.53125 92.51612639682627 0.5425714357711816 6.941302167402604 0.0
4.5703125 92.53557608112314 0.5479517588704497 6.916472160006465 0.0
4.609375 92.55229092354597 0.5534245144060274 6.894284562048052 0.0
4.6484375 92.56632517213644 0.5589854899489372 6.874689337914667 0.0
4.6875 92.57773309026419 0.5646303906117622 6.857636519124091 0.0
4.7265625 92.58656899000864 0.5703548367004733 6.843076173290933 0.0
4.765625 92.5928872646254 0.5761543620251117 6.830958373349532 0.0
4.8046875 92.59674241987365 0.582024412872281 6.821233167254114 0.0
4.84375 92.5981891039873 0.5879603476417483 6.813850548371004 0.0
4.8828125 92.59728213607976 0.5939574371485425 6.808760426771747 0.0
4.921875 92.59407653277947 0.6000108655907498 6.805912601629834 0.0
4.9609375 92.58862753290094 0.6061157321817784 6.805256734917332 0.0
5.0 92.58099061996491 0.6122670534441889 6.806742326590964 0.0
5.0390625 92.57122154238976 0.6184597661602893 6.810318691450007 0.0
5.078125 92.55937633118668 0.6246887309725853 6.815934937840786 0.0
5.1171875 92.54551131500087 0.6309487366248755 6.823539948374317 0.0
5.15625 92.52968313235277 0.6372345048323091 6.8330823628149755 0.0
5.1953125 92.5119487409453 0.6435406957660985 6.8445105632886625 0.0
5.234375 92.49236542391525 0.6498619141358303 6.85777266194898 0.0
5.2734375 92.47099079292134 0.6561927158494645 6.872816491229252 0.0
5.3125 92.44788278797498 0.6625276152281866 6.889589596796894 0.0
5.3515625 92.42309967393511 0.6688610927503028 6.908039233314635 0.0
5.390625 92.39670003360423 0.6751876032953843 6.928112363100434 0.0
5.4296875 92.36874275737856 0.6815015848568928 6.9497556577646 0.0
5.46875 92.33928702942272 0.6877974676885964 6.972915502888727 0.0
5.5078125 92.30839231035625 0.6940696838472425 6.99753800579655 0.0
5.546875 92.27611831645699 0.7003126770912252 7.023569006451828 0.0
5.5859375 92.24252499540479 0.7065209130923993 7.050954091502855 0.0
5.625 92.20767249860685 0.7126888899157899 7.079638611477403 0.0
5.6640625 92.17162115016463 0.71881114871975 7.109567701115671 0.0
5.703125 92.13443141256043 0.724882284627158 7.140686302812459 0.0
5.7421875 92.09616384916022 0.7308969577165609 7.172939193123271 0.0
5.78125 92.0568790836468 0.7368499040807679 7.206271012272478 0.0
5.8203125 92.0166377565155 0.7427359468993138 7.240626296585248 0.0
5.859375 91.97550047878096 0.7485500074704722 7.27594951374863 0.0
5.8984375 91.93352778306071 0.7542871161480942 7.312185100791254 0.0
5.9375 91.89078007221602 0.759942423128529 7.34927750465551 0.0
5.9765625 91.84731756574574 0.765511209033224 7.3871712252210875 0.0
6.015625 91.80320024414236 0.7709888952333339 7.425810860624354 0.0
6.0546875 91.7584877914318 0.7763710538637795 7.4651411547044715 0.0
6.09375 91.71323953612999 0.7816534174756858 7.505107046394378 0.0
6.1328125 91.66751439085903 0.7868318882779971 7.545653720863024 0.0
6.171875 91.62137079087422 0.791902546921287 7.5867266622045335 0.0
6.2109375 91.57486663176026 0.7968616607793574 7.6282717074604305 0.0
6.25 91.52805920656014 0.8017056916871136 7.67023510175279 0.0
6.2890625 91.48100514260449 0.8064313030964066 7.712563554299159 0.0
6.328125 91.43376033831053 0.8110353666150086 7.75520429507451 0.0
6.3671875 91.38637990022117 0.8155149678976099 7.798105131881275 0.0
6.40625 91.3389180805526 0.8198674118616658 7.841214507585784 0.0
6.4453125 91.29142821551686 0.8240902272050342 7.884481557278164 0.0
6.484375 91.24396266468045 0.828181170206603 7.927856165113 0.0
6.5234375 91.19657275161484 0.8321382277954676 7.971289020589751 0.0
6.5625 91.14930870608627 0.8359596198786458 8.014731674035135 0.0
6.6015625 91.10221960802401 0.8396438009217608 8.05813659105428 0.0
6.640625 91.05535333349499 0.8431894607815681 8.101457205723502 0.0
6.6796875 91.0087565029016 0.8465955247935735 8.144647972304888 0.0
6.71875 90.96247443160624 0.8498611531222883 8.187664415271543 0.0
6.7578125 90.91655108317207 0.852985739385824 8.230463177442175 0.0
6.796875 90.8710290253949 0.8559689085705356 8.273002066034625 0.0
6.8359375 90.82594938928489 0.8588105142552273 8.315240096459947 0.0
6.875 90.78135183114055 0.861510635168023 8.357137533691482 0.0
6.9140625 90.73727449784064 0.8640695711023421 8.39865593105708 0.0
6.953125 90.69375399546163 0.8664878382214859 8.439758166316949 0.0
6.9921875 90.65082536131135 0.8687661637841223 8.4804084749046 0.0
7.03125 90.60852203945096 0.8709054803254245 8.520572480223686 0.0
7.0703125 90.56687585976 0.8729069193307777 8.560217220909285 0.0
7.109375 90.5259170205812 0.8747718044407948 8.599311174978071 0.0
7.1484375 90.48567407496435 0.876501644227884 8.63782428080784 0.0
7.1875 90.44617392051148 0.8780981245857763 8.675727954902811 0.0
7.2265625 90.40744179280883 0.8795631007742656 8.712995106416983 0.0
7.265625 90.3695012624148 0.8808985891619256 8.749600148423353 0.0
7.3046875 90.33237423535823 0.8821067587097748 8.785519005932073 0.0
7.34375 90.29608095708593 0.8831899222387568 8.820729120675383 0.0
7.3828125 90.26064001978521 0.8841505275235195 8.855209452691335 0.0
7.421875 90.22606837299372 0.8849911482543108 8.888940478752032 0.0
7.4609375 90.19238133739726 0.8857144749078959 8.921904187694908 0.0
7.5 90.15959262170497 0.8863233055672511 8.954084072727849 0.0
7.5390625 90.12771434248144 0.8868205367284261 8.985465120790202 0.0
7.578125 90.09675704680635 0.8872091541314113 9.016033799062308 0.0
7.6171875 90.0667297376242 0.887492223650125 9.045778038725738 0.0
7.65625 90.03763990164018 0.8876728822747644 9.074687216085124 0.0
7.6953125 90.00949353961207 0.8877543292177736 9.10275213117023 0.0
7.734375 89.98229519888376 0.887739817172592 9.129964983943712 0.0
7.7734375 89.95604800800204 0.8876326437521711 9.156319348245848 0.0
7.8125 89.93075371325553 0.8874361431320318 9.181810143612507 0.0
7.8515625 89.90641271697318 0.8871536779203656 9.206433605106515 0.0
7.890625 89.88302411741891 0.886788631275413 9.23018725130574 0.0
7.9296875 89.8605857501186 0.8863443992880798 9.253069850593384 0.0
7.96875 89.83909423045726 0.8858243836454995 9.275081385897309 0.0
8.0078125 89.81854499738527 0.8852319845890364 9.296223018025765 0.0
8.046875 89.79893235807535 0.8845705941780612 9.316497047746672 0.0
8.0859375 89.78024953337476 0.8838435898687301 9.335906876756587 0.0
8.125 89.76248870390124 0.8830543284149762 9.354456967683863 0.0
8.1640625 89.74564105663488 0.88220614009698 9.372152803268225 0.0
8.203125 89.72969683186346 0.8813023232805447 9.389000844856083 0.0
8.2421875 89.71464537034353 0.8803461393090548 9.405008490347505 0.0
8.28125 89.70047516054512 0.8793408077280567 9.420184031726906 0.0
8.3203125 89.68717388585395 0.8782895018409757 9.434536612305154 0.0
8.359375 89.67472847161089 0.8771953445930631 9.448076183796124 0.0
8.3984375 89.66312513187499 0.8760614047793701 9.460813463345715 0.0
8.4375 89.65234941580269 0.8748906935713562 9.47275989062603 0.0
8.4765625 89.6423862535425 0.8736861613556715 9.483927585101899 0.0
8.515625 89.63322000155112 0.8724506948776909 9.494329303571254 0.0
8.5546875 89.62483448724358 0.8711871146815343 9.503978398074961 0.0
8.59375 89.61721305289666 0.8698981728375637 9.512888774265855 0.0
8.6328125 89.61033859873172 0.8685865509477173 9.521074850320648 0.0
8.671875 89.60419362510912 0.8672548584185038 9.528551516472458 0.0
8.7109375 89.5987602737734 0.8659056309910401 9.535334095235646 0.0
8.75 89.59402036809416 0.8645413295171702 9.541438302388741 0.0
8.7890625 89.58995545225429 0.8631643389704371 9.546880208775354 0.0
8.828125 89.58654682934235 0.8617769676804986 9.551676202977225 0.0
8.8671875 89.5837755983127 0.8603814467794688 9.555842954907904 0.0
8.90625 89.58162268978136 0.8589799298486269 9.559397380370084 0.0
8.9453125 89.58006890063182 0.8575744927539605 9.562356606614285 0.0
8.984375 89.57909492740953 0.8561671336590885 9.564737938931444 0.0
9.0234375 89.5786813984888 0.8547597732042455 9.566558828307015 0.0
9.0625 89.5788089050004 0.8533542548401865 9.567836840159469 0.0
9.1015625 89.57945803051243 0.8519523453060949 9.56858962418153 0.0
9.140625 89.58060937946101 0.8505557352408312 9.568834885298216 0.0
9.1796875 89.58224360433125 0.8491660399171532 9.568590355751647 0.0
9.21875 89.58434143159242 0.8477848000888513 9.567873768318778 0.0
9.2578125 89.5868836863944 0.8464134829410835 9.566702830664559 0.0
9.296875 89.58985131603579 0.8450534831345538 9.565095200829697 0.0
9.3359375 89.5932254122165 0.8437061239345451 9.563068463848996 0.0
9.375 89.59698723209046 0.8423726584162087 9.56064010949337 0.0
9.4140625 89.60111821813624 0.8410542707378968 9.557827511125907 0.0
9.453125 89.60560001686542 0.8397520774747286 9.554647905659884 0.0
9.4921875 89.61041449639069 0.8384671290049712 9.55111837460438 0.0
9.53125 89.61554376287673 0.8372004109422246 9.547255826181086 0.0
9.5703125 89.62097017589923 0.8359528456067868 9.543076978494023 0.0
9.609375 89.62667636273781 0.8347252935299749 9.538598343732257 0.0
9.6484375 89.63264523163028 0.8335185549855577 9.533836213384212 0.0
9.6875 89.63885998401635 0.8323333715428373 9.528806644440857 0.0
9.7265625 89.64530412579978 0.8311704276362818 9.523525446563974 0.0
9.765625 89.65196147765839 0.8300303521469741 9.518008170194674 0.0
9.8046875 89.65881618443198 0.8289137199914838 9.512270095576573 0.0
9.84375 89.6658527236186 0.8278210537141086 9.506326222667335 0.0
9.8828125 89.67305591300953 0.826752825078752 9.500191261911754 0.0
9.921875 89.68041091749389 0.8257094566570125 9.493879625849141 0.0
9.9609375 89.68790325506319 0.8246913234093574 9.487405421527487 0.0
10.0 89.69551880204682 0.8236987542565342 9.480782443696675 0.0
10.0390625 89.70324379760844 0.8227320336386416 9.474024168752948 0.0
10.078125 89.71106484753366 0.8217914030595355 9.467143749406821 0.0
10.1171875 89.71896892733876 0.8208770626144867 9.460154010046761 0.0
10.15625 89.72694338472971 0.8199891724992312 9.453067442771074 0.0
10.1953125 89.73497594144052 0.8191278544987685 9.445896204060718 0.0
10.234375 89.74305469447948 0.8182931934544623 9.438652112066062 0.0
10.2734375 89.75116811681086 0.8174852387081839 9.431346644480966 0.0
10.3125 89.75930505749965 0.8167040055224122 9.423990936977958 0.0
10.3515625 89.76745474134586 0.8159494764753656 9.416595782178787 0.0
10.390625 89.77560676803456 0.8152216028303915 9.40917162913506 0.0
10.4296875 89.78375111082676 0.8145203058789741 9.401728583294284 0.0
10.46875 89.79187811481603 0.8138454782568532 9.39427640692713 0.0
10.5078125 89.7999784947748 0.8131969852328564 9.38682451999235 0.0
10.546875 89.80804333261344 0.81257466597016 9.37938200141641 0.0
10.5859375 89.81606407447477 0.811978334759785 9.371957590765462 0.0
10.625 89.8240325274858 0.8114077822262263 9.364559690287987 0.0
10.6640625 89.83194085618779 0.8108627765051911 9.357196367307031 0.0
10.703125 89.83978157866487 0.8103430643934901 9.34987535694165 0.0
10.7421875 89.84754756239103 0.8098483724711945 9.34260406513779 0.0
10.78125 89.85523201981425 0.8093784081962215 9.335389571989534 0.0
10.8203125 89.86282850369619 0.8089328609715651 9.328238635332255 0.0
10.859375 89.87033090222468 0.8085114031854286 9.3211576945899 0.0
10.8984375 89.8777334339162 0.8081136912245547 9.314152874859252 0.0
10.9375 89.88503064232428 0.8077393664610797 9.30722999121465 0.0
10.9765625 89.89221739056946 0.8073880562132644 9.300394553217293 0.0
11.015625 89.89928885570568 0.8070593746804785 9.293651769613856 0.0
11.0546875 89.90624052293745 0.8067529238528309 9.287006553209729 0.0
11.09375 89.91306817970133 0.8064682943958532 9.280463525902837 0.0
11.1328125 89.91976790962485 0.8062050665106547 9.274027023864512 0.0
11.171875 89.92633608637557 0.8059628107699727 9.267701102854476 0.0
11.2109375 89.93276936741192 0.8057410889305487 9.261489543657554 0.0
11.25 89.93906468764752 0.8055394547222603 9.255395857630248 0.0
11.2890625 89.94521925303977 0.8053574546144391 9.249423292345814 0.0
11.328125 89.95123053411322 0.805194628559803 9.243574837326996 0.0
11.3671875 89.95709625942754 0.8050505107164254 9.237853229856048 0.0
11.40625 89.96281440899973 0.8049246301481591 9.232260960852129 0.0
11.4453125 89.96838320768948 0.8048165115039229 9.226800280806616 0.0
11.484375 89.97380111855645 0.804725675676255 9.22147320576731 0.0
11.5234375 89.97906683619757 0.804651640439523 9.216281523362921 0.0
11.5625 89.98417928007224 0.8045939210681723 9.211226798859613 0.0
11.6015625 89.98913758782285 0.8045520309353847 9.206310381241783 0.0
11.640625 89.9939411085979 0.8045254820925059 9.201533409309619 0.0
11.6796875 89.99858939638413 0.8045137858295902 9.196896817786298 0.0
11.71875 90.00308220335452 0.8045164532173996 9.192401343428092 0.0
11.7578125 90.00741947323795 0.8045329956311806 9.188047531130888 0.0
11.796875 90.01160133471647 0.8045629252565323 9.183835740027009 0.0
11.8359375 90.01562809485587 0.8046057555776674 9.179766149566474 0.0
11.875 90.01950023257452 0.8046610018483564 9.175838765577138 0.0
11.9140625 90.02321839215575 0.8047281815458329 9.172053426298422 0.0
11.953125 90.02678337680851 0.8048068148079304 9.168409808383572 0.0
11.9921875 90.03019614228062 0.8048964248537077 9.164907432865693 0.0
12.03125 90.03345779052924 0.8049965383878126 9.161545671082967 0.0
12.0703125 90.03656956345246 0.8051066859888232 9.158323750558743 0.0
12.109375 90.03953283668585 0.8052264024817987 9.155240760832378 0.0
12.1484375 90.04234911346785 0.805355227295263 9.152295659236914 0.0
12.1875 90.0450200185773 0.8054927048028374 9.14948727661989 0.0
12.2265625 90.04754729234656 0.8056383846497328 9.146814323003731 0.0
12.265625 90.04993278475331 0.8057918220643044 9.14427539318241 0.0
12.3046875 90.05217844959398 0.8059525781548692 9.14186897225117 0.0
12.34375 90.0542863387417 0.8061202201919794 9.139593441066333 0.0
12.3828125 90.05625859649136 0.8062943218763428 9.137447081632308 0.0
12.421875 90.05809745399429 0.8064744635925786 9.135428082413137 0.0
12.4609375 90.059805223785 0.8066602326489919 9.133534543566013 0.0
12.5 90.0613842944021 0.8068512235035518 9.131764482094361 0.0
12.5390625 90.06283712510553 0.8070470379762543 9.13011583691823 0.0
12.578125 90.06416624069213 0.8072472854480524 9.128586473859835 0.0
12.6171875 90.06537422641122 0.8074515830465331 9.127174190542263 0.0
12.65625 90.06646372298205 0.8076595558185272 9.125876721199447 0.0
12.6953125 90.06743742171454 0.8078708368898309 9.124691741395651 0.0
12.734375 90.06829805973497 0.8080850676122269 9.123616872652825 0.0
12.7734375 90.06904841531775 0.8083018976979912 9.122649686984285 0.0
12.8125 90.06969130332462 0.808520985342076 9.121787711333331 0.0
12.8515625 90.0702295707524 0.8087419973321585 9.121028431915457 0.0
12.890625 90.07066609239027 0.8089646091467549 9.120369298462993 0.0
12.9296875 90.07100376658737 0.8091885050415965 9.119807728371054 0.0
12.96875 90.07124551113174 0.8094133781244707 9.119341110743816 0.0
13.0078125 90.07139425924105 0.8096389304187368 9.11896681034024 0.0
13.046875 90.07145295566588 0.8098648729157248 9.118682171418422 0.0
13.0859375 90.07142455290585 0.8100909256162355 9.118484521477932 0.0
13.125 90.07131200753919 0.8103168175613613 9.118371174899474 0.0
13.1640625 90.07111827666573 0.8105422868528541 9.118339436481444 0.0
13.203125 90.07084631446384 0.8107670806632692 9.11838660487292 0.0
13.2421875 90.0704990688611 0.8109909552361201 9.118509975902814 0.0
13.28125 90.07007947831882 0.8112136758762853 9.118706845804926 0.0
13.3203125 90.0695904687303 0.8114350169309091 9.118974514338818 0.0
13.359375 90.06903495043255 0.8116547617610463 9.119310287806423 0.0
13.3984375 90.06841581533126 0.8118727027043049 9.119711481964456 0.0
13.4375 90.06773593413851 0.8120886410287429 9.120175424832773 0.0
13.4765625 90.06699815372288 0.8123023868782825 9.120699459398868 0.0
13.515625 90.06620529457128 0.8125137592099065 9.12128094621884 0.0
13.5546875 90.0653601483619 0.8127225857229072 9.121917265915219 0.0
13.59375 90.0644654756475 0.81292870278046 9.12260582157208 0.0
13.6328125 90.06352400364818 0.8131319553237992 9.123344041028059 0.0
13.671875 90.06253842415292 0.8133321967792745 9.124129379067849 0.0
13.7109375 90.06151139152857 0.8135292889585696 9.124959319512907 0.0
13.75 90.06044552083551 0.8137231019523683 9.125831377212158 0.0
13.7890625 90.05934338604875 0.8139135140177534 9.126743099933536 0.0
13.828125 90.0582075183831 0.8141004114596255 9.127692070157318 0.0
13.8671875 90.05704040472138 0.8142836885064326 9.128675906772232 0.0
13.90625 90.05584448614412 0.8144632471804981 9.129692266675425 0.0
13.9453125 90.05462215655939 0.8146389971632392 9.130738846277424 0.0
13.984375 90.05337576143118 0.8148108556555648 9.131813382913297 0.0
14.0234375 90.05210759660503 0.8149787472337442 9.132913656161277 0.0
14.0625 90.05081990722883 0.8151426037010356 9.134037489070185 0.0
14.1015625 90.04951488676764 0.8153023639353625 9.13518274929704 0.0
14.140625 90.04819467611041 0.8154579737333244 9.136347350156305 0.0
14.1796875 90.04686136276698 0.8156093856508297 9.137529251582238 0.0
14.21875 90.04551698015345 0.8157565588406298 9.138726461005966 0.0
14.2578125 90.0441635069642 0.815899458887037 9.139937034148808 0.0
14.296875 90.04280286662838 0.816038057638104 9.141159075733553 0.0
14.3359375 90.04143692684914 0.816172333035537 9.142390740115351 0.0
14.375 90.04006749922344 0.816302268942615 9.143630231833981 0.0
14.4140625 90.03869633894041 0.8164278549703797 9.14487580608925 0.0
14.453125 90.03732514455635 0.8165490863023592 9.146125769141339 0.0
14.4921875 90.035955557844 0.8166659635180833 9.147378478637957 0.0
14.53125 90.03458916371424 0.816778492415641 9.148632343870164 0.0
14.5703125 90.03322749020775 0.81688668383353 9.14988582595877 0.0
14.609375 90.03187200855476 0.8169905534720374 9.15113743797326 0.0
14.6484375 90.03052413330049 0.8170901217143894 9.152385744985184 0.0
14.6875 90.02918522249418 0.8171854134478996 9.153629364057982 0.0
14.7265625 90.02785657793945 0.8172764578853389 9.154866964175271 0.0
14.765625 90.02653944550374 0.8173632883867452 9.15609726610956 0.0
14.8046875 90.02523501548472 0.8174459422818845 9.157319042233445 0.0
14.84375 90.0239444230312 0.8175244606935645 9.1585311162753 0.0
14.8828125 90.02266874861654 0.8175988883620019 9.159732363021519 0.0
14.921875 90.02140901856231 0.8176692734704295 9.160921707967317 0.0
14.9609375 90.02016620560975 0.8177356674721289 9.162098126918178 0.0
15.0 90.01894122953705 0.8177981249190631 9.163260645543952 0.0
15.0390625 90.01773495782011 0.8178567032922773 9.164408338887672 0.0
15.078125 90.01654820633472 0.8179114628342289 9.165540330831105 0.0
15.1171875 90.01538174009778 0.8179624663832 9.166655793519073 0.0
15.15625 90.01423627404557 0.8180097792099388 9.167753946744549 0.0
15.1953125 90.01311247384685 0.8180534688566666 9.168834057296545 0.0
15.234375 90.01201095674871 0.8180936049785839 9.169895438272764 0.0
15.2734375 90.01093229245306 0.8181302591879955 9.170937448358998 0.0
15.3125 90.00987700402166 0.8181635049011738 9.171959491077216 0.0
15.3515625 90.00884556880771 0.8181934171880662 9.172961014004267 0.0
15.390625 90.00783841941198 0.818220072624948 9.17394150796312 0.0
15.4296875 90.00685594466142 0.8182435491501165 9.174900506188505 0.0
15.46875 90.0058984906085 0.8182639259227094 9.175837583468828 0.0
15.5078125 90.00496636154915 0.8182812831847286 9.17675235526616 0.0
15.546875 90.00405982105758 0.818295702126343 9.177644476816123 0.0
15.5859375 90.00317909303608 0.8183072647545316 9.178513642209428 0.0
15.625 90.00232436277813 0.8183160537651304 9.179359583456788 0.0
15.6640625 90.0014957780428 0.8183221524183296 9.180182069538922 0.0
15.703125 90.0006934501391 0.8183256444176714 9.180980905443286 0.0
15.7421875 89.99991745501828 0.8183266137925833 9.18175593118919 0.0
15.78125 89.99916783437271 0.8183251447844817 9.18250702084286 0.0
15.8203125 89.99844459673957 0.8183213217364718 9.183234081524004 0.0
15.859375 89.99774771860798 0.8183152289866642 9.18393705240541 0.0
15.8984375 89.99707714552792 0.818306950765124 9.184615903707007 0.0
15.9375 89.99643279321974 0.8182965710944604 9.185270635685852 0.0
15.9765625 89.99581454868257 0.8182841736940613 9.185901277623419 0.0
16.015625 89.99522227130055 0.8182698418879729 9.186507886811528 0.0
16.0546875 89.99465579394541 0.8182536585164166 9.187090547538224 0.0
16.09375 89.99411492407427 0.8182357058509326 9.18764937007486 0.0
16.1328125 89.99359944482133 0.818216065513135 9.188184489665604 0.0
16.171875 89.99310911608246 0.8181948183970575 9.188696065520539 0.0
16.2109375 89.99264367559151 0.8181720445950673 9.189184279813487 0.0
16.25 89.99220283998712 0.8181478233273155 9.189649336685637 0.0
16.2890625 89.99178630586935 0.8181222328746958 9.190091461256024 0.0
16.328125 89.99139375084495 0.8180953505152723 9.190510898639847 0.0
16.3671875 89.99102483456033 0.8180672524641395 9.190907912975588 0.0
16.40625 89.99067919972155 0.8180380138166704 9.19128278646184 0.0
16.4453125 89.99035647310025 0.8180077084951078 9.191635818404704 0.0
16.484375 89.99005626652503 0.8179764091984498 9.19196732427658 0.0
16.5234375 89.98977817785733 0.8179441873555786 9.192277634787153 0.0
16.5625 89.98952179195122 0.8179111130815785 9.192567094967266 0.0
16.6015625 89.98928668159644 0.8178772551371871 9.192836063266435 0.0
16.640625 89.98907240844413 0.8178426808913213 9.193084910664615 0.0
16.6796875 89.9888785239146 0.8178074562866176 9.193314019798851 0.0
16.71875 89.98870457008674 0.8177716458079242 9.1935237841054 0.0
16.7578125 89.98855008056856 0.8177353124536821 9.193714606977824 0.0
16.796875 89.98841458134834 0.8176985177101281 9.193886900941596 0.0
16.8359375 89.98829759162618 0.8176613215282543 9.194041086845633 0.0
16.875 89.9881986246254 0.8176237823034552 9.194177593071213 0.0
16.9140625 89.98811718838364 0.8175859568577939 9.194296854758633 0.0
16.953125 89.98805278652327 0.8175479004248164 9.194399313051976 0.0
16.9921875 89.98800491900093 0.817509666636845 9.194485414362283 0.0
17.03125 89.98797308283595 0.8174713075146764 9.194555609649425 0.0
17.0703125 89.98795677281753 0.8174328734596161 9.194610353722906 0.0
17.109375 89.98795548219046 0.8173944132477728 9.194650104561818 0.0
17.1484375 89.98796870331938 0.8173559740265435 9.19467532265413 0.0
17.1875 89.98799592833139 0.8173176013132133 9.194686470355455 0.0
17.2265625 89.98803664973704 0.8172793389956002 9.19468401126742 0.0
17.265625 89.98809036102966 0.8172412293346686 9.194668409635726 0.0
17.3046875 89.98815655726304 0.8172033129690409 9.194640129767976 0.0
17.34375 89.98823473560745 0.8171656289213343 9.194599635471276 0.0
17.3828125 89.98832439588415 0.8171282146062486 9.19454738950966 0.0
17.421875 89.98842504107843 0.8170911058403372 9.19448385308129 0.0
17.4609375 89.98853617783126 0.8170543368533844 9.1944094853154 0.0
17.5 89.98865731690978 0.8170179403013236 9.19432474278895 0.0
17.5390625 89.98878797365658 0.8169819472806226 9.194230079062846 0.0
17.578125 89.98892766841831 0.8169463873440673 9.194125944237676 0.0
17.6171875 89.98907592695338 0.816911288517877 9.194012784528807 0.0
17.65625 89.98923228081928 0.8168766773200796 9.193891041860695 0.0
17.6953125 89.98939626773972 0.8168425787800845 9.193761153480251 0.0
17.734375 89.9895674319516 0.8168090164593829 9.193623551589075 0.0
17.7734375 89.9897453245324 0.8167760124733127 9.193478662994357 0.0
17.8125 89.98992950370801 0.8167435875138239 9.193326908778225 0.0
17.8515625 89.99011953514157 0.8167117608731811 9.193168703985313 0.0
17.890625 89.99031499220322 0.8166805504685408 9.193004457328302 0.0
17.9296875 89.99051545622156 0.8166499728673443 9.192834570911165 0.0
17.96875 89.99072051671675 0.8166200433134654 9.192659439969855 0.0
18.0078125 89.99092977161588 0.8165907757540554 9.19247945263014 0.0
18.046875 89.99114282745076 0.8165621828670281 9.192294989682294 0.0
18.0859375 89.99135929953862 0.8165342760891295 9.19210642437234 0.0
18.125 89.99157881214602 0.8165070656445373 9.191914122209525 0.0
18.1640625 89.99180099863645 0.8164805605739369 9.19171844078969 0.0
18.203125 89.99202550160182 0.8164547687640233 9.191519729634237 0.0
18.2421875 89.9922519729784 0.8164296969773774 9.1913183300443 0.0
18.28125 89.99248007414758 0.8164053508826675 9.19111457496983 0.0
18.3203125 89.99270947602176 0.8163817350851293 9.19090878889319 0.0
18.359375 89.99293985911588 0.8163588531572772 9.190701287726927 0.0
18.3984375 89.99317091360491 0.8163367076698019 9.19049237872537 0.0
18.4375 89.99340233936783 0.8163153002226117 9.190282360409638 0.0
18.4765625 89.99363384601837 0.8162946314759738 9.190071522505745 0.0
18.515625 89.99386515292298 0.8162747011817165 9.18986014589539 0.0
18.5546875 89.99409598920657 0.8162555082144507 9.189648502579058 0.0
18.59375 89.99432609374622 0.8162370506027745 9.189436855651074 0.0
18.6328125 89.99455521515344 0.8162193255604239 9.18922545928621 0.0
18.671875 89.99478311174528 0.816202329517333 9.189014558737467 0.0
18.7109375 89.99500955150484 0.8161860581505708 9.188804390344671 0.0
18.75 89.99523431203149 0.816170506415122 9.188595181553469 0.0
18.7890625 89.99545718048122 0.8161556685744799 9.188387150944365 0.0
18.828125 89.99567795349762 0.8161415382310214 9.188180508271431 0.0
18.8671875 89.99589643713365 0.8161281083561363 9.187975454510278 0.0
18.90625 89.99611244676504 0.8161153713200819 9.187772181914946 0.0
18.9453125 89.9963258069952 0.8161033189215392 9.18757087408332 0.0
18.984375 89.9965363515525 0.8160919424168422 9.18737170603071 0.0
19.0234375 89.99674392317998 0.8160812325488613 9.18717484427122 0.0
19.0625 89.996948373518 0.8160711795755139 9.186980446906556 0.0
19.1015625 89.9971495629803 0.8160617732978845 9.18678866372189 0.0
19.140625 89.99734736062369 0.8160530030879324 9.186599636288449 0.0
19.1796875 89.99754164401185 0.8160448579157686 9.186413498072454 0.0
19.21875 89.9977322990735 0.816037326376485 9.186230374550078 0.0
19.2578125 89.99791921995548 0.8160303967165177 9.186050383328068 0.0
19.296875 89.99810230887083 0.8160240568595316 9.185873634269697 0.0
19.3359375 89.99828147594252 0.8160182944318095 9.185700229625725 0.0
19.375 89.99845663904291 0.8160130967871335 9.185530264170014 0.0
19.4140625 89.99862772362941 0.8160084510311469 9.185363825339504 0.0
19.453125 89.99879466257666 0.8160043440451847 9.185200993378226 0.0
19.4921875 89.99895739600548 0.8160007625095632 9.185041841485024 0.0
19.53125 89.99911587110904 0.8159976929263187 9.184886435964712 0.0
19.5703125 89.99927004197633 0.8159951216413885 9.184734836382345 0.0
19.609375 89.99941986941352 0.8159930348662248 9.184587095720328 0.0
19.6484375 89.99956532076315 0.8159914186988372 9.184443260538071 0.0
19.6875 89.99970636972189 0.815990259144257 9.184303371133911 0.0
19.7265625 89.9998429961566 0.8159895421344199 9.184167461709045 0.0
19.765625 89.99997518591942 0.8159892535474609 9.184035560533186 0.0
19.8046875 90.00010293066194 0.8159893792264218 9.183907690111708 0.0
19.84375 90.00022622764868 0.8159899049973659 9.183783867354018 0.0
19.8828125 90.00034507957025 0.8159908166869011 9.183664103742913 0.0
19.921875 90.00045949435626 0.8159921001391085 9.18354840550469 0.0
19.9609375 90.0005694849884 0.8159937412318782 9.183436773779775 0.0
20.0 90.00067506931374 0.8159957258926521 9.183329204793663 0.0
