0.0 74.0 25.0 0.0 1.0
0.0006103515625 73.88655622543355 24.804596085543622 0.30390747068460555 1.0049402183382148
0.001220703125 73.77430542731015 24.610531432536437 0.6052900445076448 1.0098730956457596
0.0018310546875 73.66323591237945 24.417800313770243 0.9041652635389819 1.0147985103113208
0.00244140625 73.55333610840968 24.226396957429724 1.2005505911159118 1.0197163430446747
0.0030517578125 73.44459456289081 24.03631554889384 1.494463411348235 1.024626476867105
0.003662109375 73.33699994175035 23.847550232502922 1.785921028645348 1.029528797101376
0.0042724609375 73.23054102808183 23.660095113291963 2.0749406672649244 1.0344231913612736
0.0048828125 73.12520672088598 23.473944258690526 2.3615394708827644 1.0393095495407245
0.0054931640625 73.0209860338243 23.28909170018979 2.645734502183399 1.0441877638025092
0.006103515625 72.91786809398523 23.105531434977145 2.927542742471041 1.049057728566579
0.0067138671875 72.81584214066271 22.923257427538818 3.20698109130048 1.0539193404979892
0.00732421875 72.71489752414703 22.742263611230975 3.48406636612752 1.0587724984944626
0.0079345703125 72.61502370452808 22.562543889819747 3.758815301978575 1.063617103673593
0.008544921875 72.51621025051065 22.384092138990624 4.03124455113903 1.0684530593597008
0.0091552734375 72.41844683824199 22.206902207827667 4.301370682859992 1.0732802710703544
0.009765625 72.32172325015141 22.03096792026297 4.569210183083056 1.078098646502567
0.0103759765625 72.22602937380181 21.8562830764968 4.834779454182712 1.0829080955186812
0.010986328125 72.13135520075315 21.68284145438887 5.098094814726032 1.0877085301319513
0.0115966796875 72.03769082543775 21.51063681082113 5.3591724992492855 1.0924998644918378
0.01220703125 71.94502644404733 21.339662883032535 5.618028658051118 1.097282014869021
0.0128173828125 71.85335235343169 21.169913389926222 5.874679357001954 1.1020548996401474
0.013427734375 71.76265895000898 21.001382033349437 6.129140577369275 1.1068184392723188
0.0140380859375 71.67293672868752 20.834062499346715 6.381428215658448 1.1115725563073355
0.0146484375 71.5841762817989 20.66794845938666 6.631558083468756 1.1163171753457013
0.0152587890625 71.49636829804255 20.50303357156275 6.879545907364316 1.1210522230304047
0.015869140625 71.40950356144144 20.33931148176854 7.125407328759556 1.1257776280304836
0.0164794921875 71.32357295030897 20.176775824847734 7.369157903818933 1.130493321024384
0.01708984375 71.2385674362269 20.015420225719396 7.610813103370596 1.1351992346831228
0.0177001953125 71.15447808303429 19.855238300478796 7.850388312833658 1.139895303653266
0.018310546875 71.07129604582725 19.69622365747422 8.087898832158801 1.1445814645397276
0.0189208984375 70.98901256996956 19.53836989836013 8.323359875781907 1.1492576558884038
0.01953125 70.90761899011389 19.381670619127046 8.556786572590415 1.1539238181686469
0.0201416015625 70.82710672923375 19.226119411108527 8.788193965902131 1.1585798937555927
0.020751953125 70.74746729766582 19.071709861965633 9.017597013456195 1.1632258269123457
0.0213623046875 70.66869229216285 18.918435556649182 9.245010587415932 1.1678615637720342
0.02197265625 70.59077339495673 18.766290078340212 9.470449474383315 1.1724870523197422
0.0225830078125 70.51370237283194 18.615267009368964 9.69392837542476 1.1771022423743267
0.023193359375 70.4374710762091 18.465359932112765 9.915461906107996 1.1817070855701304
0.0238037109375 70.36207143823852 18.316562429873123 10.135064596549762 1.1863015353385944
0.0244140625 70.28749547390376 18.168868087732413 10.352750891474034 1.1908855468897828
0.0250244140625 70.21373527913514 18.022270493390458 10.56853515028058 1.1954590771938238
0.025634765625 70.14078302993282 17.876763237981354 10.782431647123554 1.2000220849622771
0.0262451171875 70.0686309814998 17.732339916870867 10.994454570999908 1.2045745306294335
0.02685546875 69.99727146738434 17.588994130434727 11.20461802584738 1.2091163763335555
0.0274658203125 69.92669689863199 17.44671948481814 11.412936030651803 1.2136475858980647
0.028076171875 69.85689976294695 17.305509592676817 11.619422519563539 1.2181681248126837
0.0286865234375 69.78787262386281 17.16535807389987 11.824091342022765 1.2226779602145397
0.029296875 69.71960811992247 17.026258556314858 12.026956262893428 1.2271770608692356
0.0299072265625 69.6520989638672 16.888204676375263 12.228030962605626 1.2316653971518958
0.030517578125 69.58533794183481 16.751190079830778 12.427329037306205 1.236142941028192
0.0311279296875 69.51931791256666 16.6152084223806 12.624863999017355 1.2406096660353585
0.03173828125 69.45403180662366 16.48025337031011 12.820649275803007 1.245065547263197
0.0323486328125 69.38947262561092 16.34631860111116 13.01469821194281 1.2495105613350848
0.032958984375 69.32563344141117 16.213397804086323 13.2070240681135 1.2539446863889843
0.0335693359375 69.26250739542674 16.08148468093731 13.39764002157746 1.2583679020584648
0.0341796875 69.20008769783007 15.950572946337898 13.58655916637827 1.2627801894537412
0.0347900390625 69.1383676268226 15.82065632849159 13.773794513543061 1.2671815311427315
0.035400390625 69.07734052790202 15.691728569674337 13.95935899129148 1.271571911132144
0.0360107421875 69.01699981313777 15.563783426762512 14.143265445251103 1.275951314848594
0.03662109375 68.95733896045468 15.436814671746479 14.325526638679074 1.280319729119758
0.0372314453125 68.89835151292463 15.31081609222995 14.506155252689833 1.28467714215557
0.037841796875 68.84003107806635 15.185781491915433 14.685163886488743 1.2890235435294626
0.0384521484375 68.78237132715292 15.061704691075985 14.862565057611427 1.2933589241596593
0.0390625 68.72536599452722 14.93857952701355 15.038371202168685 1.297683276290523
0.0396728515625 68.66900887692512 14.816399854504114 15.212594675096787 1.3019965934739623
0.040283203125 68.61329383280616 14.695159546229908 15.385247750413004 1.3062988705509013
0.0408935546875 68.55821478169203 14.574852493198915 15.556342621476217 1.3105901036328182
0.04150390625 68.5037657035123 14.455472605151899 15.72589140125243 1.3148702900833542
0.0421142578125 68.44994063795772 14.33701381095721 15.893906122585053 1.3191394284999973
0.042724609375 68.39673368384078 14.21947005899356 16.0603987384698 1.323397518695846
0.0433349609375 68.34413899846345 14.102835317521025 16.22538112233405 1.3276445616814538
0.0439453125 68.29215079699222 13.98710357504048 16.388865068320516 1.331880559646761
0.0445556640625 68.24076335184006 13.872268840641677 16.550862291575122 1.3361055159431139
0.045166015625 68.1899709920555 13.758325144340205 16.71138442853888 1.3403194350653764
0.0457763671875 68.13976810271859 13.645266537403513 16.87044303724372 1.3445223226341385
0.04638671875 68.09014912434368 13.533087092666232 17.02804959761203 1.3487141853780202
0.0469970703125 68.04110855228903 13.42178090483498 17.184215511759877 1.3528950311160781
0.047607421875 67.99264093617305 13.311342090782869 17.33895210430373 1.357064868740315
0.0482177734375 67.94474087929723 13.201764789833893 17.49227062267055 1.3612237081982963
0.048828125 67.89740303807554 13.093043164037415 17.644182237411147 1.3653715604758743
0.0494384765625 67.85062212147034 12.985171398432932 17.794698042516682 1.3695084375800244
0.050048828125 67.8043928904347 12.878143701305312 17.943829055738174 1.3736343525217944
0.0506591796875 67.75871015736101 12.771954304430686 18.09158621890892 1.37774931929937
0.05126953125 67.71356878553584 12.666597463313188 18.23798039826969 1.381853352881257
0.0518798828125 67.66896368860105 12.562067457412711 18.38302238479662 1.3859464691895855
0.052490234375 67.62488983002092 12.45835859036388 18.526722894531638 1.3900286850835322
0.0531005859375 67.58134222255534 12.355465190186383 18.669092568915374 1.39410001834287
0.0537109375 67.53831592773903 12.253381609486873 18.81014197512242 1.3981604876516416
0.0543212890625 67.49580605536661 12.152102225652573 18.949881606398822 1.4022101125819584
0.054931640625 67.4538077629835 12.051621441036787 19.088321882401743 1.406248913577931
0.0555419921875 67.41231625538263 11.951933683136446 19.225473149541163 1.410276911939727
0.05615234375 67.3713267841068 11.853033404761886 19.361345681323527 1.4142941298077616
0.0567626953125 67.33083464695669 11.754915084198995 19.49594967869727 1.418300590147021
0.057373046875 67.29083518750448 11.657573225363889 19.629295270400075 1.4222963167315186
0.0579833984375 67.25132379461296 11.561002357950274 19.761392513307843 1.4262813341288882
0.05859375 67.21229590195998 11.465197037569657 19.892251392785212 1.430255667685112
0.0592041015625 67.17374698756845 11.370151845884536 20.02188182303759 1.4342193435093857
0.059814453125 67.13567257334151 11.275861390734724 20.150293647464604 1.4381723884591233
0.0604248046875 67.09806822460303 11.18232030625696 20.27749663901487 1.442114830125099
0.06103515625 67.06092954964328 11.089523252997942 20.403500500542005 1.4460466968167307
0.0616455078125 67.02425219926972 10.997464918020913 20.528314865161814 1.449968017547503
0.062255859375 66.98803186636292 10.906140015005958 20.651949296610553 1.4538788220205316
0.0628662109375 66.95226428543734 10.81554328434413 20.774413289604222 1.4577791406142704
0.0634765625 66.91694523220727 10.725669493225547 20.895716270198783 1.4616690043683591
0.0640869140625 66.88207052315752 10.63651343572159 21.015867596151235 1.4655484449696166
0.064697265625 66.84763601511898 10.548069932861319 21.134876557281487 1.4694174947381744
0.0653076171875 66.81363760484898 10.460333832702263 21.252752375834962 1.473276186613756
0.06591796875 66.78007122861635 10.373300010395669 21.36950420684584 1.4771245541421
0.0665283203125 66.74693286179118 10.286963368246363 21.485141138500882 1.480962631461526
0.067138671875 66.71421851843917 10.201318835767337 21.599672192503807 1.4847904532896463
0.0677490234375 66.6819242509205 10.116361369729159 21.71310632444008 1.4886080549102216
0.068359375 66.65004614949332 10.032085954204357 21.825452424142128 1.4924154721601621
0.0689697265625 66.61858034192154 9.948487600606867 21.93671931605488 1.496212741416672
0.069580078125 66.58752299308719 9.86556134772666 22.046915759601575 1.499999899584539
0.0701904296875 66.55687030460695 9.783302261759658 22.156050449549788 1.50377698408357
0.07080078125 66.5266185144531 9.701705436333073 22.26413201637762 1.5075440328361693
0.0714111328125 66.4967638965787 9.620765992526223 22.37116902663998 1.5113010842550623
0.072021484375 66.46730276054689 9.540479078886985 22.477169983334925 1.515048177231163
0.0726318359375 66.43823145116443 9.46083987144395 22.582143326269993 1.5187853511215863
0.0732421875 66.40954634811928 9.381843573714395 22.68609743242848 1.5225126457378027
0.0738525390625 66.38124386562224 9.303485416708181 22.789040616335605 1.5262301013339377
0.074462890625 66.35332045205257 9.22576065892765 22.890981130424525 1.5299377585952136
0.0750732421875 66.32577258960764 9.148664586363637 22.991927165402153 1.5336356586265345
0.07568359375 66.29859679395635 9.072192512487693 23.091886850614703 1.537323842941213
0.0762939453125 66.27178961389657 8.996339778240586 23.19086825441297 1.5410023534498396
0.076904296875 66.24534763101624 8.9211017520172 23.288879384517234 1.5446712324492922
0.0775146484375 66.21926745935835 8.84647382964791 23.385928188381822 1.5483305226118884
0.078125 66.19354574508958 8.772451434376512 23.4820225535592 1.5519802669746767
0.0787353515625 66.16817916617266 8.699030016834804 23.577170308063632 1.5556205089288673
0.079345703125 66.14316443204235 8.62620505501391 23.671379220734305 1.559251292209403
0.0799560546875 66.11849828328496 8.553972054232405 23.76465700159793 1.562872660884669
0.08056640625 66.09417749132155 8.482326547101346 23.857011302230735 1.5664846593463388
0.0811767578125 66.07019885809446 8.41126409348628 23.948449716119864 1.5700873322993594
0.081787109375 66.0465592157575 8.3407802804663 24.038979779024093 1.5736807247520712
0.0823974609375 66.02325542636939 8.27087072229025 24.12860896933386 1.5772648820064654
0.0830078125 66.00028438159069 8.201531060330119 24.217344708430577 1.5808398496485752
0.0836181640625 65.97764300238407 8.132756963031731 24.30519436104516 1.5844056735390017
0.084228515625 65.95532823871781 8.064544125862787 24.3921652356158 1.587962399803574
0.0848388671875 65.93333706927264 7.996888271258323 24.47826458464487 1.5915100748241402
0.08544921875 65.91166650115179 7.929785148563686 24.563499605055007 1.5950487452294928
0.0860595703125 65.8903135695942 7.863230533975056 24.647877438544295 1.5985784578864224
0.086669921875 65.86927533769092 7.797220230477612 24.731405171940537 1.6020992598909038
0.0872802734375 65.84854889610459 7.731750067781393 24.814089837554587 1.6056111985594101
0.087890625 65.82813136279199 7.666815902254923 24.89593841353271 1.6091143214203556
0.0885009765625 65.8080198827297 7.602413616856667 24.976957824207954 1.612608676205666
0.089111328125 65.78821162764265 7.538539121064379 25.05715494045048 1.616094310842475
0.0897216796875 65.76870379573576 7.475188350802393 25.136536580016887 1.619571273444948
0.09033203125 65.7494936114284 7.412357268366936 25.21510950789842 1.6230396123062274
0.0909423828125 65.73057832509187 7.35004186234951 25.29288043666811 1.6264993758905049
0.091552734375 65.71195521278958 7.288238147558399 25.369856026826806 1.6299506128252141
0.0921630859375 65.69362157602023 7.226942164938365 25.446042887148046 1.6333933718933464
0.0927734375 65.67557474146373 7.166149981488587 25.521447575021785 1.6368277020258863
0.0933837890625 65.6578120607298 7.105857690178892 25.596076596796934 1.6402536522943678
0.093994140625 65.64033091010938 7.04606140986434 25.669936408122712 1.6436712719035484
0.0946044921875 65.62312869032881 6.986757285198207 25.74303341428876 1.6470806101842017
0.09521484375 65.60620282630649 6.927941486543427 25.81537397056404 1.6504817165860257
0.0958251953125 65.58955076691232 6.86961020988253 25.886964382534455 1.6538746406706675
0.096435546875 65.57316998472974 6.811759676726144 25.957810906439217 1.6572594321048622
0.0970458984375 65.55705797582027 6.754386134020089 26.027919749505923 1.6606361406536858
0.09765625 65.54121225949062 6.697485854051124 26.0972970702843 1.6640048161739203
0.0982666015625 65.52563037806237 6.641055134351396 26.16594897897866 1.6673655086075299
0.098876953125 65.51030989664409 6.585090297601617 26.23388153777901 1.670718267975248
0.0994873046875 65.49524840290584 6.529587691533041 26.301100761190803 1.6740631443702734
0.10009765625 65.4804435068563 6.474543688828262 26.367612616363328 1.6774001879520752
0.1007080078125 65.46589284062205 6.41995468702089 26.433423023416726 1.6807294489403037
0.101318359375 65.4515940582294 6.365817108394139 26.498537855767616 1.6840509776088084
0.1019287109375 65.43754483538852 6.312127399878371 26.56296294045331 1.687364824279761
0.1025390625 65.42374286927982 6.258882032947637 26.62670405845462 1.6906710393178817
0.1031494140625 65.41018587834269 6.2060775035152576 26.689766945017244 1.6939696731247689
0.103759765625 65.39687160206647 6.153710331828468 26.752157289971695 1.6972607761333305
0.1043701171875 65.38379780078365 6.101777062362187 26.813880738051804 1.700544398802316
0.10498046875 65.37096225546533 6.050274263711926 26.874942889211763 1.7038205916109477
0.1055908203125 65.35836276751874 5.999198528485892 26.93534929894168 1.7070894050536514
0.106201171875 65.34599715858708 5.948546473196305 26.995105478581696 1.7103508896348836
0.1068115234375 65.33386327035137 5.898314738149972 27.05421689563457 1.7136050958640556
0.107421875 65.32195896433443 5.848499987338158 27.112688974076825 1.7168520742505535
0.1080322265625 65.31028212170699 5.799098908325771 27.170527094668348 1.7200918752988503
0.108642578125 65.29883064309584 5.750108212139907 27.227736595260502 1.7233245495037142
0.1092529296875 65.28760244839393 5.7015246331577885 27.28432277110274 1.726550147345506
0.10986328125 65.27659547657262 5.653344928994108 27.340290875147655 1.7297687192855702
0.1104736328125 65.26580768549586 5.605565880387838 27.395646118354552 1.7329803157617136
0.111083984375 65.25523705173623 5.558184291088506 27.45039366999145 1.736184987183775
0.1116943359375 65.24488157039313 5.511196987741989 27.504538657935562 1.7393827839292806
0.1123046875 65.2347392549127 5.4646008197758364 27.558086168972235 1.7425737563391883
0.1129150390625 65.22480813690974 5.418392659284167 27.61104124909233 1.745757954713716
0.113525390625 65.21508626599149 5.372569400912148 27.663408903788063 1.7489354293082562
0.1141357421875 65.20557170958321 5.327127961740108 27.71519409834727 1.7521062303293717
0.11474609375 65.19626255275567 5.282065281167276 27.766401758146127 1.7552704079308776
0.1153564453125 65.18715689805441 5.237378320795212 27.817036768940323 1.7584280122100013
0.115966796875 65.17825286533079 5.193064064310917 27.86710397715462 1.7615790932036248
0.1165771484375 65.16954859157478 5.149119517369673 27.916608190170884 1.764723700884607
0.1171875 65.16104223074962 5.105541707477623 27.96555417661453 1.767861885158183
0.1177978515625 65.152731953628 5.062327683874121 28.013946666639377 1.7709936958584425
0.118408203125 65.14461594763021 5.019474517413869 28.061790352210974 1.7741191827448823
0.1190185546875 65.13669241666375 4.97697930044887 28.109089887388286 1.7772383954990378
0.11962890625 65.1289595809647 4.934839146710213 28.155849888603846 1.7803513837211857
0.1202392578125 65.1214156769408 4.893051191189714 28.20207493494231 1.783458196927122
0.120849609375 65.11405895701607 4.851612590021431 28.247769568417432 1.7865588845450118
0.1214599609375 65.10688768947709 4.810520520363083 28.29293829424746 1.7896534959123116
0.1220703125 65.09990015832086 4.769772180277372 28.337585581128945 1.7927420802727605
0.1226806640625 65.09309466310427 4.729364788613256 28.381715861508972 1.7958246867734429
0.123291015625 65.08646951879506 4.68929558488716 28.42533353185581 1.7989013644619178
0.1239013671875 65.0800230556244 4.6495618291641705 28.468442952927965 1.8019721622834184
0.12451171875 65.07375361894093 4.610160801939221 28.511048450041685 1.805037129078116
0.1251220703125 65.06765956906638 4.5710898040182775 28.553154313336847 1.8080963135784507
0.125732421875 65.06173928115258 4.532346156399553 28.594764798041286 1.811149764406528
0.1263427734375 65.05599114504007 4.493927200154766 28.635884124733536 1.8141975300715774
0.126953125 65.050413565118 4.4558302963104515 28.676516479604008 1.8172396589674755
0.1275634765625 65.04500496018568 4.418052825729351 28.716666014714576 1.8202761993703311
0.128173828125 65.03976376331532 4.380592188991886 28.75633684825659 1.8233071994361314
0.1287841796875 65.0346884217164 4.343445806277741 28.79553306480734 1.8263327071984476
0.12939453125 65.02977739660125 4.306611117247558 28.83425871558492 1.8293527705662025
0.1300048828125 65.02502916305212 4.27008558092477 28.87251781870153 1.8323674373214933
0.130615234375 65.02044220988961 4.2338666755775805 28.910314359415253 1.8353767551174756
0.1312255859375 65.01601503954232 4.197951898601096 28.947652290380198 1.8383807714763016
0.1318359375 65.011746167918 4.162338766399643 28.98453553189515 1.841379533787116
0.1324462890625 65.00763412427591 4.127024814269261 29.020967972150636 1.8443730893041062
0.133056640625 65.00367745110049 4.092007596280399 29.056953467474422 1.8473614851446072
0.1336669921875 64.99987470397635 4.057284685160821 29.09249584257549 1.85034476828726
0.13427734375 64.9962244514645 4.022853672178735 29.12759889078646 1.853322985570223
0.1348876953125 64.99272527497989 3.9887121670261583 29.162266374304433 1.8562961836894343
0.135498046875 64.98937576867012 3.954857797702518 29.196502024430362 1.8592644091969264
0.1361083984375 64.98617453929538 3.921288210398519 29.23030954180683 1.8622277084991903
0.13671875 64.98312020610973 3.888001069380273 29.263692596654316 1.8651861278555892
0.1373291015625 64.98021140074344 3.8549940568737022 29.296654829005945 1.8681397133768216
0.137939453125 64.97744676708656 3.8222648729492334 29.329199848940686 1.8710885110234312
0.1385498046875 64.9748249611737 3.789811235406786 29.36133123681506 1.874032566604365
0.13916015625 64.97234465106995 3.757630879661066 29.393052543493322 1.876971925775577
0.1397705078125 64.97000451675794 3.7257215586271752 29.42436729057612 1.879906634038679
0.140380859375 64.96780325002607 3.6940810426065425 29.45527897062767 1.8828367367396341
0.1409912109375 64.96573955435781 3.662707119173188 29.485791047401413 1.8857622790674966
0.1416015625 64.9638121448222 3.6315975930603277 29.515906956064185 1.8886833060531936
0.1422119140625 64.96201974796533 3.600750286047326 29.545630103418898 1.891599862568351
0.142822265625 64.96036110170301 3.5701630368470036 29.574963868125725 1.8945119933241599
0.1434326171875 64.9588349552145 3.539833700993311 29.60391160092181 1.897419742870286
0.14404296875 64.95744006883722 3.5097601507293703 29.632476624839494 1.9003231555938178
0.1446533203125 64.95617521396264 3.479940274895897 29.6606622354231 1.9032222757182569
0.145263671875 64.95503917293314 3.4503719788200065 29.688471700944206 1.9061171473025456
0.1458740234375 64.95403073893986 3.42105318420441 29.715908262615493 1.9090078142401343
0.146484375 64.95314871592167 3.391981829017012 29.742975134803128 1.9118943202580867
0.1470947265625 64.95239191846507 3.3631558673809057 29.769675505237707 1.9147767089162215
0.147705078125 64.95175917170509 3.3345732694647863 29.796012535223728 1.9176550236062924
0.1483154296875 64.95124931122726 3.3062320213737726 29.821989359847663 1.920529307551202
0.14892578125 64.95086118297041 3.2781301250406547 29.847609088184576 1.9233996038042531
0.1495361328125 64.95059364313059 3.2502655981175654 29.87287480350332 1.9262659552484331
0.150146484375 64.95044555806578 3.2226364738680853 29.897789563470308 1.9291284045957338
0.1507568359375 64.95041580420173 3.1952408010597826 29.9223564003519 1.9319869943865036
0.1513671875 64.95050326793854 3.168076643857197 29.94657832121534 1.934841766988834
0.1519775390625 64.95070684555836 3.1411420817152664 29.97045830812832 1.9376927645979776
0.152587890625 64.95102544313379 3.1144352092732066 29.993999318357126 1.9405400292357966
0.1531982421875 64.95145797643738 3.0879541362488445 30.017204284563437 1.9433836027502456
0.15380859375 64.95200337085193 3.0616969873334106 30.040076114999696 1.9462235268148822
0.1544189453125 64.95266056128159 3.035661902086793 30.06261769370312 1.9490598429284085
0.155029296875 64.95342849206406 3.009847034833259 30.084831880688352 1.9518925924142425
0.1556396484375 64.95430611688343 2.9842505545576468 30.106721512138726 1.9547218164201183
0.15625 64.95529239868398 2.9588706448020274 30.128289400596206 1.9575475559177142
0.1568603515625 64.95638630958483 2.9337055035628485 30.149538335149938 1.9603698517023087
0.157470703125 64.95758683079542 2.9087533431885526 30.17047108162349 1.9631887443924647
0.1580810546875 64.95889295253178 2.8840123902776815 30.191090382760727 1.9660042744297392
0.15869140625 64.96030367393367 2.8594808855774643 30.211398958410374 1.9688164820784206
0.1593017578125 64.9618180029825 2.8351570838828937 30.231399505709252 1.9716254074252901
0.159912109375 64.96343495642004 2.8110392539362943 30.251094699264176 1.9744310903794107
0.1605224609375 64.96515355966804 2.787125678327381 30.270487191332574 1.9772335706719384
0.1611328125 64.96697284674838 2.763414653393816 30.289579612001774 1.9800328878559599
0.1617431640625 64.96889186020431 2.7399044891222606 30.308374569367007 1.9828290813063523
0.162353515625 64.97090965102223 2.7165935090499285 30.326874649708113 1.9856221902196676
0.1629638671875 64.9730252785543 2.6934800501666385 30.345082417664962 1.9884122536140394
0.16357421875 64.97523781044185 2.670562462817371 30.363000416411598 1.9911993103291115
0.1641845703125 64.9775463225395 2.6478391106053296 30.380631167829126 1.9939833990259896
0.164794921875 64.97994989883992 2.6253083702955085 30.3979771726773 1.9967645581872138
0.1654052734375 64.98244763139952 2.602968631718767 30.415040910764894 1.9995428261167516
0.166015625 64.98503862026472 2.5808182976764136 30.43182484111879 2.002318240940013
0.1666259765625 64.9877219733989 2.5588557838453014 30.44833140215184 2.005090840603885
0.167236328125 64.99049680661022 2.5370795186834307 30.464563011829494 2.007860662876785
0.1678466796875 64.99336224347995 2.5154879433360686 30.480522067835174 2.0106277453487347
0.16845703125 64.99631741529164 2.4940795115423793 30.496210947734454 2.013392125431453
0.1690673828125 64.99936146096088 2.472852689542567 30.511632009138005 2.016153840358466
0.169677734375 65.00249352696581 2.4518059559855367 30.526787589863336 2.0189129271852386
0.1702880859375 65.0057127672782 2.430937801837067 30.54168000809533 2.021669422789319
0.1708984375 65.00901834329532 2.410246730288501 30.55631156254559 2.0244233638705027
0.1715087890625 65.01240942377235 2.3897312566659514 30.570684532610592 2.027174786951017
0.172119140625 65.01588518475553 2.3693899083400227 30.584801178528647 2.0299237283757146
0.1727294921875 65.01944480951587 2.349221224636051 30.598663741535706 2.032670224312291
0.17333984375 65.02308748848357 2.329223756744859 30.612274444019988 2.035414310751513
0.1739501953125 65.026812419183 2.30939606763403 30.625635489675435 2.0381560235074634
0.174560546875 65.03061880616839 2.2897367319596955 30.638749063654036 2.0408953982178035
0.1751708984375 65.03450586096005 2.2702443359788447 30.651617332716985 2.043632470344047
0.17578125 65.03847280198124 2.250917477462145 30.664242445384698 2.04636727517185
0.1763916015625 65.04251885449563 2.2317547656072847 30.676626532085713 2.049099847811315
0.177001953125 65.04664325054536 2.212754820952826 30.688771705304443 2.05183022319731
0.1776123046875 65.05084522888974 2.1939162752925805 30.70068005972782 2.0545584360897964
0.17822265625 65.05512403494446 2.175237771590493 30.71235367239082 2.0572845210741773
0.1788330078125 65.05947892072136 2.156717963896047 30.723794602820888 2.060008512561651
0.179443359375 65.06390914476891 2.13835551726018 30.735004893181262 2.062730444789584
0.1800537109375 65.06841397211315 2.120149107651714 30.745986568413194 2.0654503518218887
0.1806640625 65.07299267419913 2.1020974218743 30.756741636377093 2.0681682675494213
0.1812744140625 65.07764452883309 2.0841991574838747 30.767272087992595 2.070884225690384
0.181884765625 65.08236882012503 2.0664530227066265 30.777579897377546 2.0735982597907436
0.1824951171875 65.08716483843187 2.0488577363574754 30.78766702198593 2.0763104032246575
0.18310546875 65.09203188030123 2.0314120277590617 30.797535402744728 2.0790206891949135
0.1837158203125 65.09696924841558 2.0141146366612426 30.807186964189743 2.081729150733377
0.184326171875 65.10197625153704 1.9969643131610972 30.816623614600356 2.0844358207014517
0.1849365234375 65.1070522044527 1.9799598176234394 30.825847246133257 2.0871407317905466
0.185546875 65.11219642792041 1.9630999206018356 30.834859734955145 2.0898439165225557
0.1861572265625 65.11740824861508 1.9463834027601268 30.843662941374394 2.0925454072503458
0.186767578125 65.12268699907553 1.9298090547944549 30.852258709971707 2.095245236158253
0.1873779296875 65.1280320176518 1.9133756773557902 30.86064886972975 2.097943435262589
0.18798828125 65.13344264845303 1.8970820809729612 30.868835234161796 2.1006400364121545
0.1885986328125 65.13891824129564 1.8809270859761822 30.876819601439347 2.1033350712887637
0.189208984375 65.1444581516523 1.8649095224210805 30.884603754518782 2.1060285714077738
0.1898193359375 65.15006174060107 1.84902823001322 30.892189461267016 2.108720568118625
0.1904296875 65.15572837477526 1.8332820580331193 30.899578474586164 2.111411092605386
0.1910400390625 65.1614574263136 1.8176698652617655 30.906772532537264 2.1141001758873084
0.191650390625 65.16724827281094 1.8021905199066188 30.913773358462993 2.1167878488193885
0.1922607421875 65.17310029726943 1.7868428995281083 30.920582661109464 2.119474142092934
0.19287109375 65.17901288805015 1.771625890966617 30.927202134747027 2.1221590862361412
0.1934814453125 65.18498543882514 1.7565383902699547 30.93363345929017 2.1248427116146735
0.194091796875 65.19101734852993 1.7415793026213173 30.939878300416435 2.1275250484322523
0.1947021484375 65.19710802131652 1.726747542267729 30.94593830968443 2.130206126731249
0.1953125 65.20325686650678 1.7120420324489678 30.9518151246509 2.132885976393285
0.1959228515625 65.20946329854624 1.697461705326973 30.957510368986878 2.135564627139839
0.196533203125 65.21572673695842 1.6830055019157295 30.963025652592922 2.1382421085328573
0.1971435546875 65.22204660629949 1.6686723720116317 30.968362571713442 2.1409184499753695
0.19775390625 65.22842233611337 1.6544612741243205 30.97352270905013 2.1435936807121116
0.1983642578125 65.2348533608873 1.640371175407997 30.97850763387448 2.146267829830153
0.198974609375 65.24133912000777 1.6264010515932044 30.983318902139427 2.148940926259526
0.1995849609375 65.24787905771686 1.6125498869190829 30.987958056590113 2.1516129987738655
0.2001953125 65.25447262306903 1.598816674066091 30.992426626873744 2.154284075991046
0.2008056640625 65.26111926988828 1.5852004140891927 30.99672612964861 2.156954186373829
0.201416015625 65.26781845672568 1.57170011635151 31.000858068692217 2.1596233582305118
0.2020263671875 65.27456964681734 1.558314798458437 31.004823935008563 2.1622916197155795
0.20263671875 65.28137230804278 1.5450434861922124 31.008625206934568 2.164958998830363
0.2032470703125 65.28822591288362 1.5318852134469538 31.012263350245647 2.1676255234236983
0.203857421875 65.29512993838273 1.518839022164145 31.015739818260442 2.1702912211925924
0.2044677734375 65.3020838661037 1.5059039622685784 31.01905605194474 2.1729561196828877
0.205078125 65.3090871820907 1.4930790916047496 31.02221348001452 2.1756202462899354
0.2056884765625 65.31613937682873 1.4803634758737025 31.025213519038218 2.178283628259267
0.206298828125 65.3232399452042 1.4677561885703208 31.02805757353814 2.180946292687271
0.2069091796875 65.3303883864659 1.4552563109210663 31.03074703609109 2.183608266521873
0.20751953125 65.33758420418637 1.4428629318221615 31.033283287428176 2.186269576563216
0.2081298828125 65.34482690622355 1.430575147778212 31.035667696533825 2.188930249464346
0.208740234375 65.35211600468277 1.4183920628412696 31.037901620743984 2.1915903117318973
0.2093505859375 65.35945101587924 1.4063127885503324 31.039986405843564 2.1942497897267814
0.2099609375 65.36683146030069 1.39433644387128 31.04192338616307 2.1969087096648785
0.2105712890625 65.37425686257048 1.3824621551372416 31.043713884674474 2.1995670976177295
0.211181640625 65.381726751411 1.3706890559893945 31.045359213086304 2.2022249795132303
0.2117919921875 65.38924065960744 1.3590162873181924 31.046860671937967 2.2048823811363287
0.21240234375 65.39679812397186 1.3474429972050184 31.048219550693325 2.2075393281297226
0.2130126953125 65.40439868530761 1.3359683408642635 31.049437127833503 2.2101958459945577
0.213623046875 65.41204188837403 1.3245914805858265 31.050514670948946 2.2128519600911294
0.2142333984375 65.41972728185158 1.313311585678034 31.051453436830744 2.2155076956395847
0.21484375 65.42745441830714 1.3021278324109773 31.0522546715612 2.218163077720624
0.2154541015625 65.43522285415978 1.2910394039602655 31.05291961060369 2.2208181312762063
0.216064453125 65.44303214964673 1.2800454903511913 31.053449478891775 2.223472881110254
0.2166748046875 65.4508818687897 1.2691452884033072 31.05384549091758 2.226127351889359
0.21728515625 65.45877157936154 1.258338001675411 31.054108850819507 2.2287815681434866
0.2178955078125 65.46670085285315 1.2476228404109377 31.054240752469166 2.2314355542666866
0.218505859375 65.47466926444072 1.2369990214837545 31.054242379557664 2.2340893345177983
0.2191162109375 65.48267639295328 1.2264657683443592 31.054114905681143 2.2367429330211586
0.2197265625 65.4907218208405 1.2160223109664765 31.05385949442565 2.2393963737673115
0.2203369140625 65.49880513414085 1.2056678857940537 31.053477299451323 2.2420496806137162
0.220947265625 65.50692592244998 1.1954017356886495 31.052969464575856 2.244702877285455
0.2215576171875 65.51508377888946 1.1852231098772166 31.052337123857317 2.2473559873759443
0.22216796875 65.52327830007575 1.1751312639002751 31.05158140167628 2.2500090343476407
0.2227783203125 65.53150908608943 1.165125459560474 31.05070341281729 2.252662041532752
0.223388671875 65.53977574044482 1.1552049648715383 31.049704262549636 2.255315032133944
0.2239990234375 65.54807787005977 1.1453690540076003 31.04858504670752 2.257968029225051
0.224609375 65.55641508522574 1.1356170072529126 31.04734685176951 2.260621055751781
0.2252197265625 65.56478699957819 1.1259481109519405 31.045990754937392 2.2632741345324257
0.225830078125 65.57319323006722 1.1163616574598303 31.044517824214335 2.265927288258566
0.2264404296875 65.58163339692847 1.1068569450932542 31.042929118482444 2.2685805394957788
0.22705078125 65.59010712365429 1.0974332780816256 31.04122568757968 2.271233910684344
0.2276611328125 65.59861403696519 1.0880899665186867 31.03940857237612 2.2738874241399483
0.228271484375 65.60715376678147 1.0788263263144624 31.037478804849627 2.27654110205439
0.2288818359375 65.61572594619521 1.0696416791475811 31.035437408160863 2.279194966496284
0.2294921875 65.6243302114425 1.0605353524179588 31.033285396727724 2.2818490394117608
0.2301025390625 65.6329662018758 1.0515066791998435 31.031023776299126 2.284503342625173
0.230712890625 65.64163355993671 1.0425549981952198 31.02865354402822 2.287157897839793
0.2313232421875 65.65033193112889 1.0336796536875703 31.026175688544974 2.2898127266385124
0.23193359375 65.65906096399124 1.0248799954959902 31.02359119002817 2.2924678504845435
0.2325439453125 65.66782031007136 1.0161553789296556 31.020901020276817 2.2951232907221133
0.233154296875 65.6766096238992 1.0075051647426414 31.018106142780955 2.297779068577161
0.2337646484375 65.68542856296094 0.9989287190890873 31.015207512791903 2.300435205158034
0.234375 65.69427678767318 0.9904254134787088 31.012206077391898 2.303091721456178
0.2349853515625 65.7031539613573 0.9819946247326523 31.009102775563175 2.3057486383468335
0.235595703125 65.71205975021407 0.9736357349396911 31.005898538256478 2.3084059765897225
0.2362060546875 65.72099382329846 0.9653481314127609 31.002594288459 2.311063756829739
0.23681640625 65.72995585249473 0.9571312066458313 30.999190941261766 2.313721999597638
0.2374267578125 65.73894551249168 0.9489843582711132 30.99568940392645 2.316380725310719
0.238037109375 65.7479624807582 0.9409069890165973 30.992090575951647 2.319039954273512
0.2386474609375 65.75700643751898 0.9328985066639239 30.9883953491386 2.321699706678458
0.2392578125 65.76607706573043 0.9249583240065804 30.984604607656365 2.324360002606594
0.2398681640625 65.77517405105685 0.9170858588084247 30.980719228106462 2.327020862028227
0.240478515625 65.78429708184686 0.9092805337625329 30.976740079586964 2.3296823048036157
0.2410888671875 65.79344584910989 0.9015417764503679 30.972668023756075 2.3323443506836425
0.24169921875 65.80262004649305 0.8938690193012682 30.96850391489517 2.3350070193104897
0.2423095703125 65.81181937025809 0.8862616995522533 30.964248599971313 2.33767033021831
0.242919921875 65.82104351925867 0.8787192592081459 30.959902918699264 2.340334302833896
0.2435302734375 65.83029219491767 0.8712411450020047 30.95546770360295 2.3429989564773486
0.244140625 65.83956510120491 0.8638268083558708 30.95094378007645 2.3456643103627415
0.2447509765625 65.8488619446149 0.8564757053418214 30.946331966444465 2.3483303835987863
0.245361328125 65.85818243414488 0.8491872966433305 30.94163307402227 2.3509971951894935
0.2459716796875 65.86752628127302 0.841961047516935 30.93684790717519 2.3536647640348307
0.24658203125 65.87689319993683 0.8347964277542026 30.93197726337756 2.356333108931382
0.2471923828125 65.88628290651175 0.8276929116440007 30.92702193327122 2.3590022485730016
0.247802734375 65.89569511978996 0.8206499779350638 30.921982700723486 2.3616722015514666
0.2484130859375 65.90512956095931 0.8136671097988569 30.91686034288468 2.364342986357128
0.2490234375 65.91458595358255 0.806743794792734 30.91165563024514 2.36701462137956
0.2496337890625 65.92406402357659 0.7998795248233878 30.906369326691788 2.369687124908204
0.250244140625 65.93356349919216 0.7930737961105908 30.901002189564206 2.3723605151330145
0.2508544921875 65.94308411099341 0.7863261091512243 30.895554969710247 2.3750348101450984
0.25146484375 65.95262559183784 0.779635968683593 30.890028411541184 2.377710027937356
0.2520751953125 65.96218767685643 0.773002883652025 30.884423253086403 2.3803861864051163
0.252685546875 65.97177010343383 0.7664263671717527 30.87874022604763 2.3830633033467725
0.2532958984375 65.98137261118877 0.7599059364940755 30.872980055852715 2.3857413964644123
0.25390625 65.99099494195478 0.7534411129717988 30.867143461708952 2.3884204833644485
0.2545166015625 66.00063683976082 0.7470314220249515 30.86123115665597 2.391100581558246
0.255126953125 66.01029805081231 0.740676393106776 30.855243847618155 2.393781708462745
0.2557373046875 66.01997832347223 0.7343755596699914 30.84918223545668 2.396463881401085
0.25634765625 66.02967740824239 0.7281284591333268 30.843047015021046 2.3991471176032215
0.2569580078125 66.0393950577449 0.7219346328483239 30.836838875200222 2.401831434206546
0.257568359375 66.04913102670373 0.7157936260664047 30.83055849897335 2.4045168482564976
0.2581787109375 66.05888507192658 0.7097049879062054 30.824206563460027 2.4072033767071765
0.2587890625 66.0686569522867 0.7036682713211715 30.817783739970164 2.409891036421953
0.2593994140625 66.07844642870509 0.6976830330674154 30.811290694053415 2.4125798441740733
0.260009765625 66.08825326413269 0.6917488336718314 30.804728085548216 2.4152698166472644
0.2606201171875 66.0980772235328 0.6858652374004687 30.798096568630392 2.4179609704363347
0.26123046875 66.1079180738637 0.6800318122271594 30.791396791861363 2.4206533220477744
0.2618408203125 66.1177755840613 0.6742481298023997 30.784629398235946 2.4233468879003492
0.262451171875 66.12764952502208 0.6685137654224824 30.777795025229747 2.426041684325696
0.2630615234375 66.13753966958603 0.66282829799888 30.770894304846173 2.428737727568912
0.263671875 66.14744579251995 0.657191310027874 30.76392786366303 2.431435033789145
0.2642822265625 66.15736767050065 0.6516023875604319 30.75689632287874 2.434133619060176
0.264892578125 66.16730508209851 0.646061120172327 30.749800298358164 2.436833499371005
0.2655029296875 66.17725780776104 0.6405671009345016 30.742640400678034 2.4395346906264286
0.26611328125 66.18722562979669 0.6351199263836703 30.73541723517203 2.4422372086476187
0.2667236328125 66.19720833235871 0.6297191964931619 30.72813140197544 2.4449410691726974
0.267333984375 66.20720570142923 0.6243645146439989 30.720783496069465 2.4476462878573084
0.2679443359375 66.21721752480344 0.6190554875962118 30.71337410732516 2.4503528802751857
0.2685546875 66.22724359207392 0.6137917254603872 30.70590382054697 2.4530608619187215
0.2691650390625 66.23728369461509 0.6085728416694476 30.698373215515936 2.455770248199529
0.269775390625 66.24733762556781 0.6033984529506612 30.690782867032524 2.4584810544490043
0.2703857421875 66.25740517982415 0.5982681792978801 30.683133344959085 2.461193295918883
0.27099609375 66.26748615401223 0.593181643944005 30.67542521426196 2.4639069877817974
0.2716064453125 66.27758034648124 0.5881384733336747 30.667659035053244 2.4666221451318298
0.272216796875 66.28768755728657 0.5831382970961797 30.659835362632172 2.46933878298506
0.2728271484375 66.29780758817509 0.5781807480185958 30.651954747526183 2.472056916280115
0.2734375 66.30794024257051 0.5732654620191386 30.644017735531616 2.4747765598787135
0.2740478515625 66.31808532555895 0.5683920781207368 30.636024867754077 2.4774977285662056
0.274658203125 66.32824264387459 0.56356023842482 30.627976680648448 2.480220437052114
0.2752685546875 66.3384120058854 0.5587695880853235 30.61987370605858 2.4829446999706692
