0.0 75.0 25.0 0.0 0.0
0.01953125 71.89058418393002 19.51877915394975 8.590636662120232 0.0
0.0390625 69.6915030818866 15.160792674672873 15.147704243440533 0.0
0.05859375 68.16659747840413 11.733221183204392 20.10018133839148 0.0
0.078125 67.14366945698812 9.058077616615753 23.79825292639612 0.0
0.09765625 66.49616928653174 6.981512252943965 26.522318460524296 0.0
0.1171875 66.13038051036092 5.375710240311779 28.493909249327295 0.0
0.13671875 65.97641896366726 4.137176881993018 29.886404154339722 0.0
0.15625 65.98185809660238 3.183548491618933 30.834593411778688 0.0
0.17578125 66.1071680651114 2.4500576741246434 31.442774260763958 0.0
0.1953125 66.32241795246361 1.8861989403513224 31.791383107185062 0.0
0.21484375 66.60486734543956 1.4528193292853417 31.94231332527509 0.0
0.234375 66.93719151602971 1.119691132461407 31.943117351508867 0.0
0.25390625 67.30616322867068 0.8635431156320446 31.83029365569726 0.0
0.2734375 67.70166713453715 0.6664931913220326 31.631839674140807 0.0
0.29296875 68.11595869445655 0.5148165322806298 31.369224773262808 0.0
0.3125 68.54310434947175 0.3979859162573931 31.058909734270852 0.0
0.33203125 68.97855695933707 0.307928796266182 30.713514244396748 0.0
0.3515625 69.41883277526553 0.23845465925905796 30.342712565475416 0.0
0.37109375 69.86126499137775 0.1848149707571952 29.953920037865053 0.0
0.390625 70.30381528335026 0.1433656917644394 29.552819024885306 0.0
0.41015625 70.74492940250016 0.11130879341624511 29.143761804083603 0.0
0.4296875 71.18342633437521 0.08649442436020859 28.730079241264583 0.0
0.44921875 71.61841308986274 0.06726954847070339 28.314317361666564 0.0
0.46875 72.04921911127974 0.052362138834738205 27.898418749885533 0.0
0.48828125 72.47534571529087 0.040792555846856496 27.483861728862287 0.0
0.5078125 72.89642708117033 0.03180570101790783 27.07176721781178 0.0
0.52734375 73.31220011613415 0.02481904811961364 26.662980835746257 0.0
0.546875 73.72248115489906 0.019382810605914253 26.258136034495042 0.0
0.56640625 74.12714792695766 0.015149389279242517 25.85770268376311 0.0
0.5859375 74.5261255886046 0.011849919985803457 25.46202449140961 0.0
0.60546875 74.91937589472133 0.009276256733031165 25.071347848545656 0.0
0.625 75.3068887982138 0.007267118831295109 24.685844082954915 0.0
0.64453125 75.68867592827509 0.005697430496174404 24.30562664122875 0.0
0.6640625 76.0647655240387 0.004470110015037467 23.930764365946274 0.0
0.68359375 76.43519849660554 0.0035097400338440807 23.561291763360643 0.0
0.703125 76.80002536664743 0.0027576836763190354 23.197216949676278 0.0
0.72265625 77.1593038819849 0.0021683129046521235 22.838527805110484 0.0
0.7421875 77.51309716365519 0.0017060932545217343 22.485196743090327 0.0
0.76171875 77.86147226305262 0.0013433285234254863 22.137184408423987 0.0
0.78125 78.2044990390506 0.0010584144944190944 21.794442546455016 0.0
0.80078125 78.54224928438052 0.0008344856367316891 21.456916229982795 0.0
0.8203125 78.87479604631065 0.0006583654529173415 21.12454558823648 0.0
0.83984375 79.20221309888652 0.0005197516537562859 20.797267149459767 0.0
0.859375 79.52457453347004 0.0004105830968498801 20.475014883433147 0.0
0.87890625 79.84195444166994 0.000324547536670465 20.15772101079343 0.0
0.8984375 80.15442667046932 0.0002566985533654579 19.84531663097736 0.0
0.91796875 80.46206463379818 0.00020315720499338485 19.53773220899688 0.0
0.9375 80.76494116825441 0.00016087948038047176 19.234897952265253 0.0
0.95703125 81.06312842336781 0.00012747489815161743 18.93674410173407 0.0
0.9765625 81.35669777889828 0.00010106489344244497 18.64320115620832 0.0
0.99609375 81.64571978329448 8.017218108317633e-05 18.354200044524482 0.0
1.015625 81.93026410871545 6.363425441241517e-05 18.069672257030188 0.0
1.03515625 82.21039951901366 5.0535704289275076e-05 17.789549945282094 0.0
1.0546875 82.48619384785724 4.015522480260407e-05 17.51376599691801 0.0
1.07421875 82.75771398477761 3.192408873127264e-05 17.242254091133702 0.0
1.09375 83.02502586740606 2.539358715855088e-05 16.974948739006823 0.0
1.11328125 83.28819447853519 2.0209480178829067e-05 16.711785311984677 0.0
1.1328125 83.54728384693445 1.609193515746271e-05 16.452700061130443 0.0
1.15234375 83.80235705107789 1.281976316596168e-05 16.197630129158995 0.0
1.171875 84.05347622512244 1.0218024390472787e-05 15.94651355685323 0.0
1.19140625 84.30070256661618 8.14827603913648e-06 15.699289285107835 0.0
1.2109375 84.54409634552746 6.500894358838028e-06 15.455897153578238 0.0
1.23046875 84.78371691427247 5.189025737772959e-06 15.216277896701849 0.0
1.25 85.01962271848815 4.143818213778862e-06 14.980373137693691 0.0
1.26953125 85.25187130835087 3.310660003805914e-06 14.748125380989176 0.0
1.2890625 85.4805193502842 2.6462105581847478e-06 14.519478003505293 0.0
1.30859375 85.70562263893241 2.1160557325811987e-06 14.294375245011901 0.0
1.328125 85.92723610930307 1.6928547679404976e-06 14.072762197842216 0.0
1.34765625 86.1454138490025 1.3548750601396839e-06 13.854584796122491 0.0
1.3671875 86.36020911050497 1.0848328897363032e-06 13.639789804662191 0.0
1.38671875 86.57167432340877 8.689756963321075e-07 13.428324807615585 0.0
1.40625 86.77986110664317 6.963551581737422e-07 13.22013819700173 0.0
1.42578125 86.984820280598 5.582510851526339e-07 13.015179161150968 0.0
1.4453125 87.18660187915428 4.477145849495795e-07 12.813397673131181 0.0
1.46484375 87.38525516159906 3.592056124356824e-07 12.614744479195373 0.0
1.484375 87.58082862441194 2.8830524878042417e-07 12.41917108728287 0.0
1.50390625 87.77337001291373 2.3148718225950576e-07 12.226629755599143 0.0
1.5234375 87.96292633277038 1.8593611513733263e-07 12.037073481293554 0.0
1.54296875 88.14954386134696 1.4940338658102442e-07 11.850455989249701 0.0
1.5625 88.3332681589084 1.200921265878036e-07 11.666731720999525 0.0
1.58203125 88.5141440796647 9.65658552133649e-08 11.485855823769489 0.0
1.6015625 88.69221578265947 7.767570521038742e-08 11.307784139664872 0.0
1.62109375 88.86752674250108 6.250244547217502e-08 11.132473194996523 0.0
1.640625 89.0401197599368 5.031027324581268e-08 10.959880189752976 0.0
1.66015625 89.21003697227034 4.0509968875865075e-08 10.78996298721974 0.0
1.6796875 89.3773198636238 3.2629502479348685e-08 10.62268010374676 0.0
1.69921875 89.54200927504519 2.6290574720005544e-08 10.457990698664299 0.0
1.71875 89.70414541446314 2.1189885263585926e-08 10.29585456434703 0.0
1.73828125 89.86376786649024 1.7084169537394538e-08 10.136232116425655 0.0
1.7578125 90.02091560207673 1.377824049546371e-08 9.979084384145088 0.0
1.77734375 90.17562698801666 1.111542779906962e-08 9.824373000867963 0.0
1.796875 90.32793979630807 8.969930535305107e-09 9.672060194722054 0.0
1.81640625 90.47789121336933 7.240697937811778e-09 9.522108779390027 0.0
1.8359375 90.62551784911366 5.846530785513687e-09 9.374482145039869 0.0
1.85546875 90.7708557458837 4.72215838797401e-09 9.229144249394212 0.0
1.875 90.9139403872482 3.8150956081831055e-09 9.08605960893676 0.0
1.89453125 91.05480670666299 3.0831238317619393e-09 8.94519329025395 0.0
1.9140625 91.19348909599782 2.4922712329619105e-09 8.806510901509974 0.0
1.93359375 91.33002141393162 2.0151927527937396e-09 8.669978584053258 0.0
1.953125 91.46443699421768 1.629870195379588e-09 8.535563004152522 0.0
1.97265625 91.596768653821 1.3185687995707127e-09 8.403231344860494 0.0
1.9921875 91.72704870092966 1.0669993760174255e-09 8.272951298003408 0.0
2.01171875 91.85530894284202 8.636452687825276e-10 8.144691056294405 0.0
2.03125 91.98158069373189 6.992215251403364e-10 8.018419305568964 0.0
2.05078125 92.1058947822933 5.662401511494882e-10 7.89410521714052 0.0
2.0703125 92.22828155926695 4.58660523363022e-10 7.771718440274462 0.0
2.08984375 92.34877090484979 3.716081810671154e-10 7.651229094778669 0.0
2.109375 92.46739223599008 3.0114854785914304e-10 7.532607763708835 0.0
2.12890625 92.58417451356915 2.4410479293561343e-10 7.415825486186803 0.0
2.1484375 92.69914624947198 1.9791117417145354e-10 7.300853750330176 0.0
2.16796875 92.81233551354808 1.6049491307892287e-10 7.1876644862914985 0.0
2.1875 92.92376994046458 1.301810207794855e-10 7.076230059405308 0.0
2.20703125 93.03347673645305 1.0561559188952427e-10 6.966523263441403 0.0
2.2265625 93.14148268595169 8.570396379354307e-11 6.858517313962681 0.0
2.24609375 93.24781415814458 6.956084538891121e-11 6.752185841785929 0.0
2.265625 93.35249711339961 5.64700866074488e-11 6.647502886543985 0.0
2.28515625 93.45555710960652 4.58522155107874e-11 6.544442890347688 0.0
2.3046875 93.55701930841674 3.723823565575032e-11 6.442980691546083 0.0
2.32421875 93.65690848138647 3.0248470457511614e-11 6.343091518583353 0.0
2.34375 93.75524901602451 2.4575477638926603e-11 6.244750983950988 0.0
2.36328125 93.8520649217464 1.9970246919920358e-11 6.1479350782337026 0.0
2.3828125 93.94737983573617 1.6231046989806933e-11 6.052620164247667 0.0
2.40234375 94.04121702871727 1.3194410829985233e-11 5.958782971269609 0.0
2.421875 94.13359941063396 1.0727847480232104e-11 5.86640058935538 0.0
2.44140625 94.22454953624474 8.723948075777141e-12 5.775450463746604 0.0
2.4609375 94.31408961062893 7.095618203069943e-12 5.685910389364041 0.0
2.48046875 94.40224149460796 5.772220363991955e-12 5.597758505386321 0.0
2.5 94.48902671008264 4.696452038782002e-12 5.510973289912723 0.0
2.51953125 94.57446644528754 3.821818455954242e-12 5.4255335547087045 0.0
2.5390625 94.65858155996408 3.110586287622734e-12 5.341418440032887 0.0
2.55859375 94.7413925904533 2.532126357130364e-12 5.258607409544244 0.0
2.578125 94.82291975470977 2.0615710912641685e-12 5.177080245288249 0.0
2.59765625 94.90318295723766 1.6787266912168627e-12 5.096817042760747 0.0
2.6171875 94.98220179395037 1.3671914945335933e-12 5.017798206048357 0.0
2.63671875 95.05999555695476 1.1136412857446614e-12 4.940004443044222 0.0
2.65625 95.13658323926127 9.072498140565948e-13 4.86341676073792 0.0
2.67578125 95.21198353942096 7.392188370450015e-13 4.7880164605784055 0.0
2.6953125 95.28621486609066 6.023969075545999e-13 4.713785133908842 0.0
2.71484375 95.3592953425274 4.909700809087592e-13 4.640704657472205 0.0
2.734375 95.43124281101313 4.0021092165042425e-13 4.568757188986571 0.0
2.75390625 95.50207483721078 3.262747790458933e-13 4.497925162789 0.0
2.7734375 95.57180871445289 2.6603439601597515e-13 4.428191285546956 0.0
2.79296875 95.64046146796368 2.1694561187548923e-13 4.3595385320362166 0.0
2.8125 95.7080498590157 1.7693829184358916e-13 4.291950140984235 0.0
2.83203125 95.77459038902202 1.4432772757638347e-13 4.225409610977952 0.0
2.8515625 95.84009930356495 1.177426529232263e-13 4.159900696435043 0.0
2.87109375 95.90459259636239 9.606674807966405e-14 4.095407403637634 0.0
2.890625 95.96808601317254 7.839109592221742e-14 4.031913986827503 0.0
2.91015625 96.03059505563823 6.397553293174366e-14 3.969404944361819 0.0
2.9296875 96.09213498507157 5.221722506480635e-14 3.9078650149284875 0.0
2.94921875 96.1527208261799 4.2625113461333544e-14 3.847279173820164 0.0
2.96875 96.21236737073403 3.479912993316086e-14 3.787632629266038 0.0
2.98828125 96.27108918117959 2.841328905122103e-14 3.7289108188204856 0.0
3.0078125 96.32890059419236 2.3201931476740876e-14 3.6710994058077127 0.0
3.02734375 96.38581572417856 1.8948529361522152e-14 3.6141842758215166 0.0
3.046875 96.44184846672076 1.547657516469644e-14 3.558151533279315 0.0
3.06640625 96.49701250197047 1.2642164950342858e-14 3.5029874980296003 0.0
3.0859375 96.55132129798808 1.0327960072957703e-14 3.4486787020119887 0.0
3.10546875 96.60478811403102 8.438270311319138e-15 3.3952118859690525 0.0
3.125 96.65742600379095 6.895049557561075e-15 3.34257399620913 0.0
3.14453125 96.70924781858075 5.6346342002670624e-15 3.2907521814193226 0.0
3.1640625 96.76026621047217 4.605086055260253e-15 3.2397337895279024 0.0
3.18359375 96.8104936353847 3.764027471942978e-15 3.1895063646153634 0.0
3.203125 96.85994235612671 3.0768771931069525e-15 3.1400576438733645 0.0
3.22265625 96.90862444538926 2.515412578052941e-15 3.0913755546108153 0.0
3.2421875 96.9565517886937 2.0565976478472388e-15 3.0434482113063823 0.0
3.26171875 97.00373608729339 1.6816276743796624e-15 2.996263912706691 0.0
3.28125 97.05018886103056 1.375150196074101e-15 2.9498111389695136 0.0
3.30078125 97.09592145114883 1.1246297960607623e-15 2.9040785488512513 0.0
3.3203125 97.14094502306206 9.1983004287658e-16 2.859054976938017 0.0
3.33984375 97.18527056908043 7.523909288776368e-16 2.81472943091965 0.0
3.359375 97.2289089110941 6.154841584123576e-16 2.7710910889059885 0.0
3.37890625 97.27187070321533 5.035319077896096e-16 2.728129296784755 0.0
3.3984375 97.31416643437969 4.1197734146922383e-16 2.6858335656203973 0.0
3.41796875 97.35580643090682 3.3709733693332274e-16 2.644193569093264 0.0
3.4375 97.39680085902161 2.7584963642784726e-16 2.603199140978475 0.0
3.45703125 97.4371597273362 2.257480820603761e-16 2.562840272663885 0.0
3.4765625 97.47689288929357 1.8476076249403585e-16 2.52310711070652 0.0
3.49609375 97.51601004557318 1.5122685422174954e-16 2.483989954426906 0.0
3.515625 97.5545207464594 1.2378871844158055e-16 2.4454792535406886 0.0
3.53515625 97.59243439417313 1.0133644867752933e-16 2.4075656058269703 0.0
3.5546875 97.62976024516729 8.296258119195692e-17 2.3702397548328027 0.0
3.57421875 97.66650741238684 6.792510164257495e-17 2.3334925876132604 0.0
3.59375 97.70268486749355 5.561722503711823e-17 2.2973151325065575 0.0
3.61328125 97.73830144305644 4.55427062353813e-17 2.261698556943653 0.0
3.6328125 97.77336583470827 3.729566677078571e-17 2.2266341652918187 0.0
3.65234375 97.80788660326846 3.0544110165799955e-17 2.1921133967316373 0.0
3.671875 97.84187217683318 2.501644998007081e-17 2.1581278231669163 0.0
3.69140625 97.87533085283309 2.04904988979498e-17 2.1246691471670047 0.0
3.7109375 97.90827080005909 1.678446840015241e-17 2.09172919994101 0.0
3.73046875 97.94070006065667 1.3749611183493241e-17 2.0592999393434237 0.0
3.75 97.97262655208942 1.1264205925263869e-17 2.0273734479106684 0.0
3.76953125 98.00405806907202 9.228639032840244e-18 1.9959419309280801 0.0
3.7890625 98.03500228547323 7.561382955737977e-18 1.9649977145268647 0.0
3.80859375 98.06546675618954 6.19570732671748e-18 1.9345332438105551 0.0
3.828125 98.09545891898958 5.0769891576647365e-18 1.9045410810105163 0.0
3.84765625 98.12498609633005 4.160512782136127e-18 1.875013903670046 0.0
3.8671875 98.15405549714346 3.409670218961877e-18 1.845944502856629 0.0
3.88671875 98.18267421859818 2.794488953577308e-18 1.8173257814019077 0.0
3.90625 98.21084924783115 2.290427467655653e-18 1.789150752168938 0.0
3.92578125 98.23858746365377 1.8773897414125034e-18 1.7614125363463116 0.0
3.9453125 98.26589563823136 1.5389188540938635e-18 1.7341043617687226 0.0
3.96484375 98.2927804387365 1.261537081871774e-18 1.7072195612635739 0.0
3.984375 98.31924842897686 1.0342058367945847e-18 1.6807515710232148 0.0
4.00390625 98.34530607099767 8.478836489804974e-19 1.6546939290024163 0.0
4.0234375 98.3709597266594 6.951643656470896e-19 1.629040273340691 0.0
4.04296875 98.39621565919101 5.699809871304428e-19 1.6037843408090717 0.0
4.0625 98.42108003471911 4.673632143091637e-19 1.578919965280972 0.0
4.08203125 98.44555892377333 3.832389520697837e-19 1.5544410762267522 0.0
4.1015625 98.46965830276847 3.142717880633936e-19 1.5303416972316266 0.0
4.12109375 98.49338405546355 2.577279172539015e-19 1.5066159445365472 0.0
4.140625 98.51674197439839 2.1136716967252934e-19 1.48325802560171 0.0
4.16015625 98.53973776230777 1.7335376960264246e-19 1.4602622376923309 0.0
4.1796875 98.56237703351376 1.421832485384665e-19 1.4376229664863478 0.0
4.19921875 98.58466531529639 1.1662258390350678e-19 1.4153346847037083 0.0
4.21875 98.60660804924319 9.566116700894771e-20 1.3933919507569081 0.0
4.23828125 98.62821059257764 7.847063860158311e-20 1.3717894074224513 0.0
4.2578125 98.64947821946718 6.43719861899291e-20 1.3505217805329068 0.0
4.27734375 98.67041612231084 5.280858853159275e-20 1.329583877689244 0.0
4.296875 98.69102941300696 4.332413097721227e-20 1.3089705869931303 0.0
4.31640625 98.7113231242012 3.5544510414984786e-20 1.2886768757988838 0.0
4.3359375 98.73130221051531 2.9163008211174707e-20 1.2686977894847742 0.0
4.35546875 98.75097154975671 2.3928140229685463e-20 1.2490284502433737 0.0
4.375 98.77033594410942 1.9633700000184773e-20 1.2296640558906613 0.0
4.39453125 98.78940012130649 1.6110598694159167e-20 1.2105998786935903 0.0
4.4140625 98.80816873578425 1.322017728331708e-20 1.191831264215833 0.0
4.43359375 98.82664636981866 1.0848724976248964e-20 1.17335363018142 0.0
4.453125 98.84483753464409 8.902986114724178e-21 1.155162465355997 0.0
4.47265625 98.86274667155466 7.306477089603633e-21 1.1372533284454276 0.0
4.4921875 98.88037815298861 5.996467086796351e-21 1.1196218470114692 0.0
4.51171875 98.89773628359582 4.92150288803958e-21 1.1022637164042617 0.0
4.53125 98.91482530128872 4.039379587053346e-21 1.0851746987113664 0.0
4.55078125 98.93164937827699 3.315476804431993e-21 1.0683506217230974 0.0
4.5703125 98.94821262208619 2.7213945030854415e-21 1.0517873779138946 0.0
4.58984375 98.96451907656059 2.2338344002328727e-21 1.0354809234394897 0.0
4.609375 98.98057272285047 1.8336827168215648e-21 1.0194272771496184 0.0
4.62890625 98.99637748038404 1.5052579896639531e-21 1.0036225196160407 0.0
4.6484375 99.01193720782446 1.2356942139770866e-21 0.988062792175628 0.0
4.66796875 99.0272557040118 1.0144349451219463e-21 0.972744295988289 0.0
4.6875 99.04233670889059 8.3281838171693215e-22 0.9576632911094982 0.0
4.70703125 99.05718390442289 6.837370528306674e-22 0.9428160955772048 0.0
4.7265625 99.07180091548719 5.613586828888761e-22 0.9281990845128978 0.0
4.74609375 99.08619131076348 4.60897226591233e-22 0.9138086892366075 0.0
4.765625 99.10035860360446 3.7842504864098506e-22 0.8996413963956278 0.0
4.78515625 99.11430625289334 3.1071884818056987e-22 0.8856937471067462 0.0
4.8046875 99.12803766388832 2.551332600071872e-22 0.8719623361117727 0.0
4.82421875 99.14155618905393 2.0949715676440593e-22 0.8584438109461604 0.0
4.84375 99.15486512887958 1.720285716734755e-22 0.8451348711205161 0.0
4.86328125 99.1679677326853 1.4126489546474983e-22 0.8320322673148001 0.0
4.8828125 99.18086719941508 1.1600560307283535e-22 0.8191328005850184 0.0
4.90234375 99.19356667841788 9.526525919767093e-23 0.8064333215822148 0.0
4.921875 99.20606927021653 7.823495653669982e-23 0.7939307297835708 0.0
4.94140625 99.21837802726468 6.425067236642323e-23 0.7816219727354266 0.0
4.9609375 99.23049595469206 5.276730131392436e-23 0.7695040453080372 0.0
4.98046875 99.24242601103822 4.3337345363831024e-23 0.7575739889618837 0.0
5.0 99.25417110897475 3.5593425208500724e-23 0.745828891025358 0.0
5.01953125 99.26573411601646 2.923392719510595e-23 0.7342658839836472 0.0
5.0390625 99.27711785522146 2.4011223276844707e-23 0.7228821447786421 0.0
5.05859375 99.2883251058804 1.9722002393567045e-23 0.7116748941196994 0.0
5.078125 99.299358604195 1.6199334571806338e-23 0.7006413958050907 0.0
5.09765625 99.31022104394613 1.330615701060236e-23 0.6897789560539697 0.0
5.1171875 99.3209150771514 1.092992718487061e-23 0.6790849228486983 0.0
5.13671875 99.33144331471273 8.978233747802108e-24 0.6685566852873671 0.0
5.15625 99.34180832705374 7.375193548203616e-24 0.6581916729463558 0.0
5.17578125 99.35201264474732 6.058493874243246e-24 0.6479873552527746 0.0
5.1953125 99.36205875913346 4.976964302611268e-24 0.6379412408666364 0.0
5.21484375 99.37194912292749 4.088583264743545e-24 0.6280508770726065 0.0
5.234375 99.38168615081891 3.358841454026711e-24 0.6183138491811833 0.0
5.25390625 99.39127222006093 2.759398157924871e-24 0.6087277799391616 0.0
5.2734375 99.40070967105085 2.2669780547713457e-24 0.5992903289492372 0.0
5.29296875 99.41000080790148 1.8624654161101646e-24 0.5899991920986085 0.0
5.3125 99.41914789900365 1.5301603707372637e-24 0.5808521009964378 0.0
5.33203125 99.42815317758006 1.2571682185225141e-24 0.5718468224200332 0.0
5.3515625 99.43701884223047 1.0328979788974477e-24 0.5629811577696168 0.0
5.37109375 99.44574705746854 8.486506242077625e-25 0.5542529425315466 0.0
5.390625 99.45433995425023 6.972809490328646e-25 0.5456600457498593 0.0
5.41015625 99.46279963049408 5.729199001548139e-25 0.5372003695060071 0.0
5.4296875 99.47112815159342 4.707465506010192e-25 0.5288718484066597 0.0
5.44921875 99.47932755092063 3.8680083738974603e-25 0.5206724490794474 0.0
5.46875 99.48739983032355 3.1782977201627235e-25 0.5126001696765223 0.0
5.48828125 99.49534696061426 2.6116113748532435e-25 0.5046530393858157 0.0
5.5078125 99.5031708820502 2.1459975682975454e-25 0.4968291179498727 0.0
5.52734375 99.51087350480792 1.763422974170938e-25 0.4891264951921469 0.0
5.546875 99.51845670944942 1.449072972901132e-25 0.4815432905506391 0.0
5.56640625 99.5259223473813 1.1907769251163312e-25 0.4740776526187662 0.0
5.5859375 99.53327224130672 9.785361113038324e-26 0.46672775869334826 0.0
5.60546875 99.54050818567046 8.041359894917475e-26 0.45949181432960334 0.0
5.625 99.54763194709702 6.608277035075778e-26 0.4523680529030418 0.0
5.64453125 99.5546452648219 5.430664681888972e-26 0.4453547351781522 0.0
5.6640625 99.56154985111628 4.4629666988122364e-26 0.43845014888377504 0.0
5.68359375 99.568347391705 3.667753368977068e-26 0.43165260829505864 0.0
5.703125 99.57503954617816 3.014271261317164e-26 0.42496045382189696 0.0
5.72265625 99.5816279483963 2.477251968272987e-26 0.4183720516037478 0.0
5.7421875 99.58811420688932 2.0359334833883908e-26 0.4118857931107329 0.0
5.76171875 99.59449990524912 1.6732562472379877e-26 0.40550009475092225 0.0
5.78125 99.60078660251634 1.3752026737326637e-26 0.399213397483707 0.0
5.80078125 99.60697583356088 1.1302545400066452e-26 0.39302416643916643 0.0
5.8203125 99.61306910945672 9.289471986053397e-27 0.38693089054333624 0.0
5.83984375 99.61906791785077 7.635033285900987e-27 0.3809320821492861 0.0
5.859375 99.62497372332614 6.275320286283248e-27 0.37502627667391736 0.0
5.87890625 99.63078796775966 5.157815901727073e-27 0.36921203224039134 0.0
5.8984375 99.63651207067394 4.239363710124276e-27 0.36348792932610124 0.0
5.91796875 99.64214742958394 3.484498997369961e-27 0.357852570416102 0.0
5.9375 99.64769542033814 2.8640774645304998e-27 0.3523045796619131 0.0
5.95703125 99.65315739745444 2.3541484901624046e-27 0.3468426025456108 0.0
5.9765625 99.65853469445092 1.9350293190728137e-27 0.34146530554912874 0.0
5.99609375 99.66382862417136 1.590544335042957e-27 0.33617137582868534 0.0
6.015625 99.66904047910579 1.3073999711455622e-27 0.3309595208942584 0.0
6.03515625 99.67417153170602 1.0746710655663295e-27 0.32582846829402945 0.0
6.0546875 99.67922303469634 8.833787872116166e-28 0.32077696530372013 0.0
6.07421875 99.68419622137931 7.261438013372204e-28 0.3158037786207449 0.0
6.09375 99.68909230593695 5.9690125853211385e-28 0.31090769406310553 0.0
6.11328125 99.6939124837271 4.906665836275573e-28 0.30608751627295405 0.0
6.1328125 99.69865793157531 4.0334300728524004e-28 0.30134206842475103 0.0
6.15234375 99.70332980806211 3.3156339838134766e-28 0.2966701919379489 0.0
6.171875 99.70792925380593 2.7256028246602234e-28 0.2920707461941294 0.0
6.19140625 99.71245739174154 2.2405902197724174e-28 0.2875426082585267 0.0
6.2109375 99.71691532739419 1.8419002977814787e-28 0.28308467260586745 0.0
6.23046875 99.72130414914959 1.5141662367715955e-28 0.27869585085046195 0.0
6.25 99.72562492851957 1.2447573439434503e-28 0.27437507148047924 0.0
6.26953125 99.7298787204037 1.0232917637937656e-28 0.2701212795963421 0.0
6.2890625 99.73406656334687 8.41235992089885e-29 0.26593343665317803 0.0
6.30859375 99.73818947979278 6.91575728039674e-29 0.261810520207263 0.0
6.328125 99.74224847633364 5.685453539493094e-29 0.25775152366639603 0.0
6.34765625 99.7462445439559 4.6740559702616703e-29 0.25375545604414446 0.0
6.3671875 99.75017865828214 3.842607894840624e-29 0.24982134171789855 0.0
6.38671875 99.75405177980936 3.1590867276663714e-29 0.24594822019067752 0.0
6.40625 99.7578648541434 2.597169486962236e-29 0.24213514585662851 0.0
6.42578125 99.76161881222987 2.1352181329891272e-29 0.23838118777016085 0.0
6.4453125 99.76531457058137 1.7554455789864496e-29 0.23468542941865977 0.0
6.46484375 99.7689530315013 1.4432301963610475e-29 0.23104696849872391 0.0
6.484375 99.77253508330415 1.186552368206794e-29 0.22746491669587168 0.0
6.50390625 99.77606160053236 9.755313562515155e-30 0.22393839946766325 0.0
6.5234375 99.77953344416984 8.020446179121256e-30 0.22046655583018476 0.0
6.54296875 99.78295146185218 6.594148919086519e-30 0.21704853814784283 0.0
6.5625 99.78631648807361 5.421529857841526e-30 0.213683511926418 0.0
6.58203125 99.7896293443907 4.457463477237569e-30 0.21037065560932655 0.0
6.6015625 99.79289083962298 3.6648527127686776e-30 0.2071091603770411 0.0
6.62109375 99.7961017700504 3.0132003317906707e-30 0.2038982299496207 0.0
6.640625 99.79926291960771 2.477434575026026e-30 0.20073708039230265 0.0
6.66015625 99.8023750600759 2.0369437990352342e-30 0.19762493992410812 0.0
6.6796875 99.8054389512706 1.6747829163667146e-30 0.19456104872941526 0.0
6.69921875 99.80845534122757 1.377021053876184e-30 0.19154465877245344 0.0
6.71875 99.81142496638535 1.1322052939028788e-30 0.18857503361467357 0.0
6.73828125 99.81434855176506 9.309198377184878e-31 0.1856514482349498 0.0
6.7578125 99.81722681114745 7.654236086028286e-31 0.18277318885256885 0.0
6.77734375 99.82006044724706 6.293523349614728e-31 0.17993955275296336 0.0
6.796875 99.82285015188387 5.174736387159855e-31 0.17714984811614734 0.0
6.81640625 99.8255966061522 4.254856966217755e-31 0.1744033938478112 0.0
6.8359375 99.82830048058698 3.498517209816846e-31 0.1716995194130356 0.0
6.85546875 99.83096243532742 2.876638861730508e-31 0.16903756467258324 0.0
6.875 99.83358312027828 2.3653146170748837e-31 0.16641687972172867 0.0
6.89453125 99.83616317526842 1.944888449337621e-31 0.1638368247315869 0.0
6.9140625 99.83870323020712 1.599199529233316e-31 0.16129676979290195 0.0
6.93359375 99.84120390523776 1.3149606309208234e-31 0.15879609476225726 0.0
6.953125 99.84366581088935 1.0812470999567759e-31 0.15633418911067032 0.0
6.97265625 99.84608954822548 8.890767145078841e-32 0.15391045177453463 0.0
6.9921875 99.84847570899115 7.310642708699139e-32 0.15152429100887274 0.0
7.01171875 99.85082487575716 6.011376011001457e-32 0.14917512424286414 0.0
7.03125 99.8531376220624 4.943040954097163e-32 0.14686237793761317 0.0
7.05078125 99.85541451255389 4.0645874599576245e-32 0.14458548744612204 0.0
7.0703125 99.85765610312458 3.3422632711400953e-32 0.14234389687543464 0.0
7.08984375 99.8598629410491 2.748316399618405e-32 0.14013705895091766 0.0
7.109375 99.86203556511737 2.259928309632657e-32 0.13796443488264595 0.0
7.12890625 99.86417450576616 1.858336799167932e-32 0.1358254942338592 0.0
7.1484375 99.86628028520856 1.5281148437758992e-32 0.13371971479145817 0.0
7.16796875 99.86835341756151 1.2565776670357106e-32 0.13164658243850857 0.0
7.1875 99.8703944089713 1.0332952350595899e-32 0.12960559102872168 0.0
7.20703125 99.87240375773713 8.496914280138738e-33 0.1275962422628809 0.0
7.2265625 99.87438195443283 6.987144757785381e-33 0.12561804556718417 0.0
7.24609375 99.87632948202655 5.745659859547226e-33 0.12367051797347245 0.0
7.265625 99.87824681599871 4.7247814595942954e-33 0.12175318400131521 0.0
7.28515625 99.8801344244581 3.8853053365467726e-33 0.1198655755419239 0.0
7.3046875 99.88199276825617 3.1949949414760436e-33 0.11800723174386518 0.0
7.32421875 99.88382230109949 2.6273429268480792e-33 0.11617769890054615 0.0
7.34375 99.88562346966059 2.1605528313631703e-33 0.11437653033944371 0.0
7.36328125 99.88739671368698 1.7767017803688493e-33 0.11260328631305151 0.0
7.3828125 99.88914246610851 1.4610520209204664e-33 0.11085753389151744 0.0
7.40234375 99.89086115314308 1.20148483237425e-33 0.10913884685694569 0.0
7.421875 99.89255319440069 9.880350577313947e-34 0.10744680559933752 0.0
7.44140625 99.89421900298588 8.125083687658253e-34 0.10578099701414526 0.0
7.4609375 99.89585898559861 6.681665580320505e-34 0.10414101440141464 0.0
7.48046875 99.89747354263353 5.494687654707917e-34 0.10252645736649077 0.0
7.5 99.89906306827775 4.518586970625991e-34 0.1009369317222635 0.0
7.51953125 99.90062795060709 3.7158966049304374e-34 0.09937204939292836 0.0
7.5390625 99.90216857168078 3.0558069605396494e-34 0.0978314283192395 0.0
7.55859375 99.90368530763479 2.5129827589276418e-34 0.09631469236523162 0.0
7.578125 99.90517852877363 2.066590271774405e-34 0.09482147122638797 0.0
7.59765625 99.90664859966078 1.6994974254052805e-34 0.09335140033923213 0.0
7.6171875 99.90809587920769 1.3976160535502902e-34 0.09190412079232141 0.0
7.63671875 99.90952072076139 1.149361035122735e-34 0.09047927923862016 0.0
7.65625 99.91092347219077 9.452055440769195e-35 0.08907652780923164 0.0
7.67578125 99.91230447597154 7.773153305536037e-35 0.08769552402846731 0.0
7.6953125 99.91366406926977 6.392479883658293e-35 0.0863359307302329 0.0
7.71484375 99.9150025840243 5.257056600927473e-35 0.08499741597571074 0.0
7.734375 99.91632034702769 4.323316835659503e-35 0.08367965297231839 0.0
7.75390625 99.91761768000609 3.555433712266878e-35 0.08238231999392356 0.0
7.7734375 99.91889489969772 2.923945015552943e-35 0.08110510030229617 0.0
7.79296875 99.92015231793023 2.404622428486192e-35 0.07984768206977798 0.0
7.8125 99.92139024169686 1.9775416789008425e-35 0.07860975830315128 0.0
7.83203125 99.92260897323132 1.6263178956893203e-35 0.07739102676868782 0.0
7.8515625 99.92380881008165 1.3374768190064922e-35 0.07619118991835973 0.0
7.87109375 99.92499004518282 1.0999377255079411e-35 0.07500995481719447 0.0
7.890625 99.92615296692826 9.04588219086171e-36 0.07384703307175602 0.0
7.91015625 99.92729785924028 7.439345647194617e-36 0.07270214075973491 0.0
7.9296875 99.92842500163938 6.118141433900682e-36 0.07157499836062975 0.0
7.94921875 99.9295346693125 5.0315899096185944e-36 0.07046533068750356 0.0
7.96875 99.93062713318021 4.1380134503191906e-36 0.06937286681979804 0.0
7.98828125 99.93170265996282 3.403137364047854e-36 0.06829734003718951 0.0
8.0078125 99.93276151224555 2.7987748791381475e-36 0.0672384877544703 0.0
8.02734375 99.93380394854258 2.3017457375622922e-36 0.06619605145743969 0.0
8.046875 99.93483022336022 1.8929868919069907e-36 0.06516977663978879 0.0
8.06640625 99.93584058725905 1.556821178007118e-36 0.06415941274096394 0.0
8.0859375 99.93683528691503 1.2803558986618975e-36 0.06316471308499343 0.0
8.10546875 99.93781456517976 1.052988239908663e-36 0.06218543482026261 0.0
8.125 99.9387786611398 8.659985414753427e-37 0.061221338860222775 0.0
8.14453125 99.93972781017501 7.122158146912606e-37 0.06027218982501914 0.0
8.1640625 99.94066224401601 5.857426737498171e-37 0.05933775598402393 0.0
8.18359375 99.94158219080077 4.817291262268058e-37 0.058417809199260325 0.0
8.203125 99.94248787513033 3.96186543690895e-37 0.057512124869703564 0.0
8.22265625 99.94337951812358 3.2583467507147252e-37 0.05662048187644558 0.0
8.2421875 99.94425733747131 2.679758333578538e-37 0.05574266252870978 0.0
8.26171875 99.94512154748932 2.2039142886063483e-37 0.054878452510702766 0.0
8.28125 99.94597235917074 1.8125687969102364e-37 0.054027640829290076 0.0
8.30078125 99.94680998023755 1.490716352166789e-37 0.05319001976248313 0.0
8.3203125 99.9476346151913 1.2260162809499287e-37 0.052365384808724796 0.0
8.33984375 99.94844646536306 1.0083194732065813e-37 0.05155353463696122 0.0
8.359375 99.94924572896254 8.292791685363186e-38 0.05075427103748771 0.0
8.37890625 99.95003260112647 6.820308686479865e-38 0.04996739887355673 0.0
8.3984375 99.95080727396629 5.609290982463499e-38 0.04919272603373607 0.0
8.41796875 99.95156993661502 4.613309174132286e-38 0.04843006338500569 0.0
8.4375 99.95232077527344 3.7941788197428534e-38 0.04767922472658172 0.0
8.45703125 99.95305997325556 3.1204962320124653e-38 0.04694002674445631 0.0
8.4765625 99.95378771103337 2.5664343108084756e-38 0.04621228896664236 0.0
8.49609375 99.9545041662809 2.1107522282362756e-38 0.04549583371911201 0.0
8.515625 99.9552095139176 1.7359809855784657e-38 0.04479048608241835 0.0
8.53515625 99.95590392615102 1.4277536072769107e-38 0.04409607384898954 0.0
8.5546875 99.95658757251893 1.1742542847123707e-38 0.04341242748108512 0.0
8.57421875 99.95726061993061 9.657653447550837e-39 0.042739380069404094 0.0
8.59375 99.95792323270767 7.94294669958094e-39 0.042076767292334734 0.0
8.61328125 99.95857557262417 6.532692827764395e-39 0.04142442737583618 0.0
8.6328125 99.95921779894607 5.3728334368510315e-39 0.040782201053942 0.0
8.65234375 99.95985006847013 4.418908998768024e-39 0.04014993152987611 0.0
8.671875 99.96047253556223 3.6343543739662114e-39 0.0395274644377715 0.0
8.69140625 99.96108535219503 2.989097009445035e-39 0.03891464780498249 0.0
8.7109375 99.96168866798503 2.458404062858902e-39 0.038311332014981256 0.0
8.73046875 99.96228263022918 2.0219342477638308e-39 0.03771736977082962 0.0
8.75 99.96286738394079 1.662958045414791e-39 0.037132616059217124 0.0
8.76953125 99.96344307188495 1.367716384670935e-39 0.036556928115056654 0.0
8.7890625 99.96400983461338 1.1248932011273687e-39 0.03599016538662898 0.0
8.80859375 99.96456781049874 9.25181653206481e-40 0.03543218950126766 0.0
8.828125 99.96511713576842 7.609273640787814e-40 0.03488286423157593 0.0
8.84765625 99.96565794453784 6.2583501166772625e-40 0.0343420554621674 0.0
8.8671875 99.96619036884309 5.147270178890854e-40 0.03380963115692235 0.0
8.88671875 99.96671453867326 4.2334508583041885e-40 0.033285461326751684 0.0
8.90625 99.96723058200214 3.4818697639418495e-40 0.032769417997860664 0.0
8.92578125 99.9677386248195 2.8637226700776716e-40 0.03226137518050466 0.0
8.9453125 99.96823879116178 2.3553194615547552e-40 0.03176120883822929 0.0
8.96484375 99.96873120314243 1.9371761132009592e-40 0.03126879685758747 0.0
8.984375 99.96921598098169 1.5932678947635772e-40 0.030784019018325923 0.0
9.00390625 99.96969324303598 1.3104151737407545e-40 0.030306756964033957 0.0
9.0234375 99.97016310582676 1.077778271850458e-40 0.029836894173247235 0.0
9.04296875 99.970625684069 8.864420115639949e-41 0.029374315930999567 0.0
9.0625 99.97108109069919 7.290740274389716e-41 0.02891890930081576 0.0
9.08203125 99.97152943690287 5.99643744747681e-41 0.028470563097138652 0.0
9.1015625 99.97197083214182 4.931912535311431e-41 0.028029167858183646 0.0
9.12109375 99.97240538418079 4.056372188825384e-41 0.027594615819214092 0.0
9.140625 99.97283319911377 3.336265413082305e-41 0.02716680088623099 0.0
9.16015625 99.97325438138992 2.7439977473925434e-41 0.026745618610070594 0.0
9.1796875 99.97366903383909 2.256873737705563e-41 0.026330966160903614 0.0
9.19921875 99.97407725769686 1.8562271678109163e-41 0.02592274230312975 0.0
9.21875 99.97447915262933 1.5267057128310328e-41 0.02552084737066145 0.0
9.23828125 99.97487481675739 1.2556825975419479e-41 0.025125183242590884 0.0
9.2578125 99.97526434668075 1.032772710124347e-41 0.024735653319234142 0.0
9.27734375 99.97564783750143 8.494346256460188e-42 0.024352162498546832 0.0
9.296875 99.97602538284707 6.98643286388802e-42 0.023974617152905338 0.0
9.31640625 99.97639707489373 5.746207942855642e-42 0.02360292510624803 0.0
9.3359375 99.9767630043884 4.726149980388184e-42 0.023236995611570894 0.0
9.35546875 99.9771232606712 3.887173893315917e-42 0.022876739328772027 0.0
9.375 99.97747793169714 3.1971332913192235e-42 0.02252206830283965 0.0
9.39453125 99.9778271040576 2.629588641853286e-42 0.022172895942378257 0.0
9.4140625 99.97817086300151 2.162794128808188e-42 0.021829136998467724 0.0
9.43359375 99.97850929245612 1.7788643782804434e-42 0.021490707543850136 0.0
9.453125 99.97884247504753 1.4630891182261123e-42 0.02115752495243932 0.0
9.47265625 99.97917049212082 1.2033695082553291e-42 0.02082950787914803 0.0
9.4921875 99.97949342375993 9.897545387202365e-43 0.020506576240027913 0.0
9.51171875 99.97981134880725 8.140597332655241e-43 0.02018865119271735 0.0
9.53125 99.98012434488277 6.695535431421942e-43 0.019875655117192442 0.0
9.55078125 99.98043248840314 5.506994157213933e-43 0.019567511596816405 0.0
9.5703125 99.98073585460027 4.52943653212134e-43 0.019264145399682787 0.0
9.58984375 99.9810345175397 3.725409323570819e-43 0.018965482460247932 0.0
9.609375 99.9813285501387 3.0641079910808512e-43 0.01867144986124818 0.0
9.62890625 99.98161802418404 2.520196392805793e-43 0.018381975815897445 0.0
9.6484375 99.98190301034958 2.0728360244548313e-43 0.01809698965036078 0.0
9.66796875 99.98218357821345 1.704887592537257e-43 0.017816421786499666 0.0
9.6875 99.98245979627507 1.4022543277420033e-43 0.017540203724884806 0.0
9.70703125 99.98273173197188 1.1533418756934186e-43 0.017268268028072294 0.0
9.7265625 99.98299945169582 9.486140694885922e-44 0.017000548304139048 0.0
9.74609375 99.98326302080949 7.802275625100198e-44 0.01673697919047351 0.0
9.765625 99.98352250366214 6.417313218220273e-44 0.016477496337817657 0.0
9.78515625 99.9837779636054 5.278194678031201e-44 0.016222036394556393 0.0
9.8046875 99.98402946300871 4.3412798978239634e-44 0.01597053699125054 0.0
9.82421875 99.98427706327455 3.570675486699917e-44 0.0157229367254096 0.0
9.84375 99.98452082485346 2.936859603255016e-44 0.015479175146500608 0.0
9.86328125 99.98476080725877 2.415550906826208e-44 0.015239192741189393 0.0
9.8828125 99.98499706908115 1.9867782902360005e-44 0.01500293091881066 0.0
9.90234375 99.98522966800289 1.6341157511711648e-44 0.014770331997063327 0.0
9.921875 99.98545866081203 1.344053086778378e-44 0.014541339187927643 0.0
9.94140625 99.98568410341616 1.105478300216369e-44 0.01431589658380064 0.0
9.9609375 99.98590605085612 9.09251888188338e-45 0.014093949143846532 0.0
9.98046875 99.9861245573194 7.478566989044027e-45 0.013875442680558734 0.0
10.0 99.98633967615343 6.151099453879487e-45 0.01366032384653022 0.0
10.01953125 99.98655145987854 5.059263404900362e-45 0.013448540121428978 0.0
10.0390625 99.9867599602008 4.1612327866373355e-45 0.013240039799175403 0.0
10.05859375 99.98696522802466 3.422606005268381e-45 0.013034771975318483 0.0
10.078125 99.98716731346536 2.815088012344898e-45 0.012832686534607689 0.0
10.09765625 99.98736626586121 2.3154063346185836e-45 0.012633734138757565 0.0
10.1171875 99.98756213378557 1.904419521176156e-45 0.012437866214401993 0.0
10.13671875 99.98775496505874 1.5663838511463923e-45 0.012245034941235215 0.0
10.15625 99.98794480675964 1.2883502086184115e-45 0.012055193240336713 0.0
10.17578125 99.98813170523731 1.0596680184218828e-45 0.011868294762677098 0.0
10.1953125 99.98831570612218 8.71577238146343e-46 0.011684293877802194 0.0
10.21484375 99.98849685433728 7.168727753747186e-46 0.011503145662692555 0.0
10.234375 99.98867519410918 5.896284738329897e-46 0.01132480589079571 0.0
10.25390625 99.98885076897875 4.8497009432508904e-46 0.011149231021228442 0.0
10.2734375 99.98902362181184 3.988885933683093e-46 0.010976378188146462 0.0
10.29296875 99.98919379480971 3.2808654628614e-46 0.010806205190278908 0.0
10.3125 99.98936132951937 2.6985183130231723e-46 0.010638670480625084 0.0
10.33203125 99.98952626684368 2.21953735561409e-46 0.010473733156310939 0.0
10.3515625 99.9896886470514 1.8255750299068166e-46 0.010311352948602807 0.0
10.37109375 99.98984850978692 1.5015405042539802e-46 0.010151490213075973 0.0
10.390625 99.99000589408007 1.2350215951301896e-46 0.009994105919935652 0.0
10.41015625 99.99016083835552 1.0158092985390844e-46 0.00983916164448804 0.0
10.4296875 99.99031338044225 8.3550671937912225e-47 0.009686619557759091 0.0
10.44921875 99.99046355758274 6.87207417579436e-47 0.009536442417258734 0.0
10.46875 99.99061140644211 5.652308491036054e-47 0.009388593557888276 0.0
10.48828125 99.99075696311701 4.649047671547782e-47 0.00924303688298879 0.0
10.5078125 99.99090026314447 3.8238624789519847e-47 0.009099736855528258 0.0
10.52734375 99.99104134151057 3.1451448463693406e-47 0.008958658489425368 0.0
10.546875 99.99118023265899 2.5868971145424173e-47 0.008819767341007808 0.0
10.56640625 99.9913169704994 2.1277361813485573e-47 0.008683029500602995 0.0
10.5859375 99.99145158841574 1.7500744167457058e-47 0.008548411584259176 0.0
10.60546875 99.9915841192744 1.4394459666676558e-47 0.00841588072559488 0.0
10.625 99.99171459543223 1.183952638872149e-47 0.008285404567774731 0.0
