0.0 95.0 5.0 0.0 0.0
0.078125 91.41515032060383 5.1259901407367225 3.4588595386594534 0.0
0.15625 88.13755714638593 5.115893634510316 6.746549219103763 0.0
0.234375 85.231275394167 4.983803723168064 9.784920882664938 0.0
0.3125 82.73250693651006 4.753632953265647 12.513860110224293 0.0
0.390625 80.65128545618325 4.453713004733086 14.895001539083676 0.0
0.46875 78.97631301574017 4.112000251808455 16.911686732451372 0.0
0.546875 77.68104173379216 3.7527938033793045 18.56616446282854 0.0
0.625 76.72955753887433 3.395125095453424 19.875317365672252 0.0
0.703125 76.08146459753787 3.052492855079145 20.866042547382982 0.0
0.78125 75.69550446211404 2.7334453070439038 21.571050230842044 0.0
0.859375 75.53197751415571 2.442554616906471 22.025467868937806 0.0
0.9375 75.55418755546803 2.1814629113877766 22.264349533144173 0.0
1.015625 75.72916520673623 1.9498188609107072 22.321015932353045 0.0
1.09375 76.02789963689624 1.7460298576521858 22.22607050545156 0.0
1.171875 76.42525980395061 1.5678203995160462 22.006919796533325 0.0
1.25 76.8997368137874 1.4126202687413525 21.687642917471223 0.0
1.328125 77.43309713246869 1.277817788664703 21.28908507886658 0.0
1.40625 78.01000447997369 1.1609134338264055 20.829082086199886 0.0
1.484375 78.61764548898516 1.059603845095527 20.32275066591929 0.0
1.5625 79.24537879039116 0.9718196171656036 19.782801592443217 0.0
1.640625 79.88441717144231 0.8957339349919959 19.219848893565672 0.0
1.71875 80.5275462241853 0.8297539571471981 18.642699818667477 0.0
1.796875 81.16887922437664 0.7725029019381635 18.05861787368518 0.0
1.875 81.80364596516121 0.722797947038111 17.473556087800667 0.0
1.953125 82.428012301275 0.6796270816733424 16.89236061705164 0.0
2.03125 83.03892682734512 0.642126729889491 16.31894644276537 0.0
2.109375 83.6339911500265 0.6095611069863425 15.756447742987143 0.0
2.1875 84.21135044788535 0.5813037343374299 15.207345817777215 0.0
2.265625 84.76960133978237 0.5568212147778776 14.673577445439754 0.0
2.34375 85.30771443908534 0.5356591870953831 14.15662637381927 0.0
2.421875 85.82496932150914 0.5174302829580248 13.657600395532823 0.0
2.5 86.32089995985103 0.501803868840121 13.177296171308843 0.0
2.578125 86.79524897080975 0.4884973469331867 12.716253682257053 0.0
2.65625 87.24792927499183 0.47726879843785536 12.274801926570309 0.0
2.734375 87.67899199207933 0.4679107711495781 11.85309723677108 0.0
2.8125 88.08859958168475 0.4602450354954156 11.45115538281983 0.0
2.890625 88.47700340013544 0.4541181560166622 11.06887844384789 0.0
2.96875 88.84452497798124 0.4493977470040188 10.70607727501474 0.0
3.046875 89.19154043592944 0.4459693007333265 10.362490263337227 0.0
3.125 89.51846755140836 0.44373349419797115 10.037798954393658 0.0
3.203125 89.82575506689957 0.4426038953667188 9.731641037733699 0.0
3.28125 90.11387389704052 0.44250500295207607 9.443621100007393 0.0
3.359375 90.38330994640157 0.44337056467009284 9.173319488928328 0.0
3.4375 90.63455829557893 0.44514212825013355 8.920299576170923 0.0
3.515625 90.86811855132413 0.44776778725283894 8.684113661423014 0.0
3.59375 91.08449118811087 0.45120109029958005 8.464307721589535 0.0
3.671875 91.28417473487143 0.455400087806526 8.26042517732204 0.0
3.75 91.46766368248969 0.4603264949242613 8.07200982258604 0.0
3.828125 91.63544700574299 0.46594495325731955 7.898608040999678 0.0
3.90625 91.78800720834434 0.4722223772008887 7.739770414454756 0.0
3.984375 91.92581981205606 0.47912737348677464 7.5950528144571505 0.0
4.0625 92.0493532209479 0.4866297248612391 7.464017054190836 0.0
4.140625 92.15906890011604 0.49469993079107827 7.346231169092867 0.0
4.21875 92.25542181486759 0.5033087997649507 7.241269385367445 0.0
4.296875 92.33886108177214 0.5124270891664201 7.14871182906142 0.0
4.375 92.4098307873138 0.5220251898755415 7.068144022810649 0.0
4.453125 92.46877093334827 0.5320728537311021 6.999156212920611 0.0
4.53125 92.5161184713591 0.5425389627732904 6.941342565867578 0.0
4.609375 92.55230838977869 0.5533913397990214 6.894300270422265 0.0
4.6875 92.57777482054378 0.5645966002080872 6.857628579248102 0.0
4.765625 92.59295213272863 0.5761200454040006 6.8309278218673395 0.0
4.84375 92.59827598266698 0.5879255981439502 6.813798419189045 0.0
4.921875 92.59418429155342 0.599975780212738 6.80583992823382 0.0
5.0 92.58111812320593 0.6122317326320196 6.806650144162032 0.0
5.078125 92.55952243656525 0.624653278316724 6.815824285118 0.0
5.15625 92.5298466896768 0.6371990266661127 6.832954283657059 0.0
5.234375 92.49254527440387 0.6498265190419226 6.857628206554191 0.0
5.3125 92.44807776399492 0.6624924134586458 6.889429822546414 0.0
5.390625 92.39690895888917 0.6751527061134057 6.927938334997404 0.0
5.46875 92.33950871978674 0.6877629866410401 6.972728293572201 0.0
5.546875 92.27635158100446 0.7002787232231364 7.023369695772378 0.0
5.625 92.20791614143172 0.7126555729395146 7.079428285628731 0.0
5.703125 92.13468423491875 0.7248497120600057 7.140466053021209 0.0
5.78125 92.05713988657753 0.7368181803662308 7.206041933056207 0.0
5.859375 91.97576806614164 0.7485192330987376 7.275712700759595 0.0
5.9375 91.89105325409226 0.7599126937723857 7.349034052135337 0.0
6.015625 91.80347784058276 0.7709603009155332 7.42556185850168 0.0
6.09375 91.71352038115255 0.7816260417833658 7.504853577064053 0.0
6.171875 91.62165373668499 0.7918764662822075 7.586469797032775 0.0
6.25 91.52834312792105 0.8016809747211943 7.669975897357734 0.0
6.328125 91.43404413699113 0.8110120735730504 7.754943789435787 0.0
6.40625 91.33920068979883 0.8198455941612173 7.840953716039918 0.0
6.484375 91.24424305363358 0.8281608700727682 7.927596076293617 0.0
6.5625 91.14958588408662 0.8359408700952853 8.01447324581806 0.0
6.640625 91.05562635420725 0.8431722845559021 8.10120136123681 0.0
6.71875 90.96274239690699 0.8498455640634488 8.187412039029525 0.0
6.796875 90.8712910889673 0.8559549107801993 8.27275400025246 0.0
6.875 90.7816072017268 0.8614982234389782 8.356894574834179 0.0
6.953125 90.69400193973014 0.8664769983378953 8.439521061931915 0.0
7.03125 90.60876188444196 0.8708961894567022 8.520341926101288 0.0
7.109375 90.52614815570182 0.8747640316194701 8.599087812678661 0.0
7.1875 90.44639579905916 0.8780918312584822 8.67551236968231 0.0
7.265625 90.36971340261566 0.8808937298017686 8.74939286758253 0.0
7.34375 90.29628294264248 0.8831864450067738 8.820530612350707 0.0
7.421875 90.22625985314383 0.8849889956975148 8.888751151158614 0.0
7.5 90.1597733108015 0.8863224153408716 8.953904273857587 0.0
7.578125 90.09692672343348 0.8872094597333352 9.015863816833141 0.0
7.65625 90.03779840728865 0.8876743137808295 9.074527278930484 0.0
7.734375 89.98244243621285 0.8877423019622486 9.12981526182486 0.0
7.8125 89.93088964397433 0.8874396065949137 9.181670749430722 0.0
7.890625 89.88314875982317 0.8867929974905122 9.23005824268627 0.0
7.96875 89.83920765666132 0.8858295760258661 9.274962767312775 0.0
8.046875 89.79903469098053 0.8845765360752154 9.316388772944206 0.0
8.125 89.76258011394373 0.8830609436784809 9.35435894237775 0.0
8.203125 89.72977753358452 0.881309536769413 9.388912929646027 0.0
8.28125 89.70054540902693 0.8793485457718316 9.4201060452012 0.0
8.359375 89.67478855881947 0.8772035354014781 9.448007905779015 0.0
8.4375 89.65239966687822 0.8748992675924587 9.472701065529277 0.0
8.515625 89.6332607710836 0.8724595851051641 9.4942796438112 0.0
8.59375 89.61724472122194 0.8699073150687143 9.512847963709309 0.0
8.671875 89.60421659465796 0.8672641914649946 9.528519213877008 0.0
8.75 89.59403505982297 0.8645507953710625 9.54141414480592 0.0
8.828125 89.58655367927149 0.8617865116385419 9.551659809089927 0.0
8.90625 89.58162214566312 0.8589895005979977 9.559388353738845 0.0
8.984375 89.5790874455445 0.8561766833279443 9.56473587112751 0.0
9.0625 89.57879494721763 0.8533637390164801 9.567841313765841 0.0
9.140625 89.58058941027399 0.8505651129628323 9.568845476763132 0.0
9.21875 89.58431591553995 0.84779403381076 9.56789005064924 0.0
9.296875 89.58982071521385 0.8450625386704781 9.565116746115617 0.0
9.375 89.59695200387861 0.8423815048656195 9.560666491255715 0.0
9.453125 89.6055606118489 0.8397606871323207 9.554678701018732 0.0
9.53125 89.61550062296318 0.8372087591949023 9.547290617841867 0.0
9.609375 89.626629919466 0.8347333587434567 9.538636721790489 0.0
9.6875 89.63881065705228 0.8323411349401433 9.52884820800753 0.0
9.765625 89.65190967347316 0.8300377976808307 9.518052528845965 0.0
9.84375 89.66579883434116 0.8278281679350737 9.506372997723714 0.0
9.921875 89.6803553199311 0.8257162285789074 9.493928451489952 0.0
10.0 89.69546185686221 0.8237051752205583 9.480832967917184 0.0
10.078125 89.71100689857631 0.8217974665982458 9.467195634825393 0.0
10.15625 89.72688475850394 0.8199948742013836 9.453120367294632 0.0
10.234375 89.74299569974613 0.8182985308315501 9.438705769422276 0.0
10.3125 89.75924598499952 0.8167089778775858 9.424045037122847 0.0
10.390625 89.77554789032494 0.8152262111303086 9.409225898544697 0.0
10.46875 89.79181968621093 0.8138497250068939 9.394330588782134 0.0
10.546875 89.80798558921889 0.8125785550933334 9.379435855687738 0.0
10.625 89.8239756873216 0.8114113189460105 9.364612993732345 0.0
10.703125 89.83972584186462 0.8103462551207701 9.349927903014578 0.0
10.78125 89.85517756889567 0.8093812604204259 9.335441170683875 0.0
10.859375 89.870277902423 0.8085139253699138 9.321208172207053 0.0
10.9375 89.8849792419816 0.8077415679427685 9.307279190075594 0.0
11.015625 89.89923918670965 0.8070612655737258 9.293699547716582 0.0
11.09375 89.91302035796707 0.806469885500487 9.280509756532398 0.0
11.171875 89.92629021236502 0.805964113483438 9.2677456741515 0.0
11.25 89.93902084692081 0.8055404809557829 9.255438672123354 0.0
11.328125 89.95118879790729 0.8051953906584794 9.243615811434179 0.0
11.40625 89.96277483482926 0.8049251408148779 9.232300024355817 0.0
11.484375 89.97376375083316 0.8047259478993499 9.221510301267449 0.0
11.5625 89.98414415073844 0.8045939680527143 9.211261881208797 0.0
11.640625 89.99390823777082 0.8045253171951402 9.201566445033986 0.0
11.71875 90.00305159997791 0.8045160898846428 9.1924323101374 0.0
11.796875 90.01157299721646 0.8045623769664475 9.183864625817035 0.0
11.875 90.01947414951711 0.8046602820555329 9.1758655684273 0.0
11.953125 90.02675952755581 0.8048059368917 9.168434535552427 0.0
12.03125 90.03343614589227 0.8049955156036409 9.161568338504035 0.0
12.109375 90.03951335957161 0.8052252479157954 9.15526139251253 0.0
12.1875 90.04500266462824 0.8054914313293355 9.14950590404237 0.0
12.265625 90.04991750297712 0.8057904423064615 9.144292054716363 0.0
12.34375 90.05427307212997 0.806118746485358 9.139608181384617 0.0
12.421875 90.05808614012832 0.8064729079516654 9.13544095191996 0.0
12.5 90.06137486604452 0.8068495975911749 9.131775536364255 0.0
12.578125 90.06415862636301 0.8072456005476586 9.128595773089279 0.0
12.65625 90.06645784751831 0.8076578228092789 9.125884329672363 0.0
12.734375 90.06829384483198 0.8080832969468752 9.123622858221088 0.0
12.8125 90.0696886680591 0.8085191870275675 9.121792144913274 0.0
12.890625 90.07066495372358 0.8089627927275218 9.120372253548847 0.0
12.96875 90.07124578439269 0.8094115526683525 9.119342662938907 0.0
13.046875 90.07145455501262 0.8098630470024646 9.118682397984854 0.0
13.125 90.07131484639937 0.8103149992736116 9.11837015432695 0.0
13.203125 90.07085030595262 0.8107652775800412 9.11838441646727 0.0
13.28125 90.07008453563435 0.8112118950687657 9.118703569296807 0.0
13.359375 90.06904098722862 0.8116530097906992 9.119306002980606 0.0
13.4375 90.06774286487398 0.8120869239476132 9.120170211178326 0.0
13.515625 90.06621303483644 0.8125120825630288 9.121274882600456 0.0
13.59375 90.06447394246695 0.8129270716102751 9.122598985922695 0.0
13.671875 90.06254753626531 0.8133306156319506 9.124121848102652 0.0
13.75 90.06045519895001 0.8137215748859163 9.125823226163993 0.0
13.828125 90.05821768541281 0.8140989420536949 9.127683372533404 0.0
13.90625 90.0558550674169 0.8144618385477372 9.129683094035276 0.0
13.984375 90.05338668487788 0.814809510454423 9.131803804667614 0.0
14.0625 90.05083110354958 0.8151413241498858 9.134027572300445 0.0
14.140625 90.04820607891942 0.8154567616257792 9.136337159454715 0.0
14.21875 90.04552852610263 0.8157554155619265 9.138716058335362 0.0
14.296875 90.04281449551073 0.8160369841824313 9.141148520306768 0.0
14.375 90.04007915405649 0.8163012659312547 9.143619580012183 0.0
14.453125 90.03733677164666 0.8165481540025187 9.146115074350735 0.0
14.53125 90.03460071270361 0.8167776307598534 9.14862165653646 0.0
14.609375 90.03188343244872 0.8169897620780088 9.151126805473183 0.0
14.6875 90.02919647767405 0.8171846916386851 9.153618830687174 0.0
14.765625 90.02655049172269 0.8173626352111416 9.156086873066075 0.0
14.84375 90.02395522339538 0.817523874946609 9.158520901657923 0.0
14.921875 90.0214195394981 0.8176687537139006 9.16091170678791 0.0
15.0 90.01895144074506 0.8177976695018844 9.163250889752975 0.0
15.078125 90.01655808073176 0.817911069912682 9.165530849355475 0.0
15.15625 90.01424578769534 0.818009446767598 9.16774476553697 0.0
15.234375 90.01202008878236 0.8180933308458905 9.169886580371655 0.0
15.3125 90.00988573654897 0.818163286774576 9.171950976676374 0.0
15.390625 90.00784673742415 0.8182199080855365 9.173933354490229 0.0
15.46875 90.00590638187366 0.8182638124542875 9.17582980567196 0.0
15.546875 90.00406727600968 0.8182956371328753 9.177637086857358 0.0
15.625 90.00233137440026 0.8183160345875219 9.179352591012131 0.0
15.703125 90.00070001384205 0.8183256683498322 9.180974317808026 0.0
15.78125 89.99917394786968 0.8183252090886444 9.182500843041579 0.0
15.859375 89.99775338178613 0.8183153309079221 9.183931287305857 0.0
15.9375 89.99643800800949 0.8182967078745026 9.185265284115907 0.0
16.015625 89.99522704154334 0.8182700107779979 9.186502947678557 0.0
16.09375 89.99411925538945 0.8182359041237285 9.18764484048672 0.0
16.171875 89.99311301573405 0.8181950433582402 9.188691940907612 0.0
16.25 89.99220631675097 0.8181480723257225 9.18964561092322 0.0
16.328125 89.99139681487706 0.8180956209525143 9.190507564170325 0.0
16.40625 89.99068186242798 0.8180383031558464 9.191279834416074 0.0
16.484375 89.99005854043388 0.8179767149720356 9.191964744593987 0.0
16.5625 89.98952369058729 0.817911432898503 9.192564876514108 0.0
16.640625 89.9890739462066 0.8178430124432474 9.193083041350054 0.0
16.71875 89.98870576213025 0.8177719868747535 9.193522250994894 0.0
16.796875 89.98841544346786 0.8176988661647528 9.193885690367285 0.0
16.875 89.98819917314516 0.8176241361157817 9.194176690738947 0.0
16.953125 89.9880530381901 0.8175482576650873 9.194398704144698 0.0
17.03125 89.98797305471713 0.8174716663561213 9.194555278926636 0.0
17.109375 89.98795519157636 0.8173947719686152 9.194650036454917 0.0
17.1875 89.98799539264309 0.8173179582980667 9.194686649058747 0.0
17.265625 89.9880895977316 0.8172415830753545 9.19466881919294 0.0
17.34375 89.98823376212528 0.8171659780171534 9.194600259857465 0.0
17.421875 89.98842387472203 0.8170914489978284 9.194484676280032 0.0
17.5 89.98865597480157 0.8170182763335444 9.194325748864768 0.0
17.578125 89.98892616742684 0.8169467151694292 9.194127117403621 0.0
17.65625 89.98923063749801 0.816876995960772 9.19389236654111 0.0
17.734375 89.98956566248295 0.8168093250394196 9.193625012477526 0.0
17.8125 89.98992762385252 0.816743885256744 9.193328490890622 0.0
17.890625 89.9903130172538 0.8166808366947981 9.193006146051292 0.0
17.96875 89.99071846145782 0.8166203174375363 9.192661221104528 0.0
18.046875 89.99114070612231 0.8165624443942708 9.192296849483297 0.0
18.125 89.99157663841234 0.8165073141678316 9.191916047419703 0.0
18.203125 89.99202328852476 0.8164550039602196 9.191521707514898 0.0
18.28125 89.99247783416422 0.8164055725088746 9.19111659332679 0.0
18.359375 89.99293760402043 0.8163590610470145 9.190703334932449 0.0
18.4375 89.99340008029759 0.8163154942818539 9.19028442542044 0.0
18.515625 89.99386290034815 0.8162748813848533 9.189862218266883 0.0
18.59375 89.9943238574634 0.8162372169885096 9.18943892554798 0.0
18.671875 89.99478090087433 0.8162024821845466 9.189016616941018 0.0
18.75 89.99523213501584 0.816170645518715 9.188597219465342 0.0
18.828125 89.99567581810751 0.8161416639777631 9.188182517914623 0.0
18.90625 89.99611036010366 0.8161154839644792 9.187774155931766 0.0
18.984375 89.99653432006478 0.8160920422570475 9.187373637678071 0.0
19.0625 89.99694640300186 0.816071266949288 9.186982330048762 0.0
19.140625 89.99734545624356 0.8160530783686776 9.18660146538767 0.0
19.21875 89.99773046537587 0.8160373899693604 9.186232144654685 0.0
19.296875 89.99810054980159 0.8160241091976649 9.185875341000655 0.0
19.375 89.99845495796646 0.8160131383279389 9.185531903705506 0.0
19.453125 89.9987930622964 0.8160043752667978 9.185202562436704 0.0
19.53125 89.99911435388923 0.8159977143241574 9.18488793178652 0.0
19.609375 89.99941843700213 0.8159930469496822 9.184588516048093 0.0
19.6875 89.99970502337452 0.8159902624335363 9.184304714191862 0.0
19.765625 89.9999739264238 0.8159892485705539 9.184036825005558 0.0
19.84375 90.00022505535004 0.8159898922871825 9.183785052362694 0.0
19.921875 90.00045840918293 0.815992080230761 9.183549510586229 0.0
20.0 90.00067407080316 0.8159956993208949 9.183330229875867 0.0
