0.0 75.0 25.0 0.0 0.0
0.0048828125 74.12179569814872 23.51462953113947 2.363574770711807 0.0
0.009765625 73.3145375620909 22.10841718404982 4.577045253859264 0.0
0.0146484375 72.57298573267451 20.778443966912377 6.648570300413095 0.0
0.01953125 71.89231075904459 19.52170147423311 8.585987766722273 0.0
0.0244140625 71.2680598681856 18.335131116486398 10.396809015327975 0.0
0.029296875 70.6961259374383 17.21565711206199 12.088216950499687 0.0
0.0341796875 70.17271900771068 16.16021398858541 13.667067003703874 0.0
0.0390625 69.69434016816534 15.165769275698212 15.13989055613641 0.0
0.0439453125 69.2577576420574 14.229342007161554 16.512900350781006 0.0
0.048828125 68.85998490643848 13.348017588186988 17.791997505374482 0.0
0.0537109375 68.498260684342 12.518959525194708 18.98277979046324 0.0
0.05859375 68.17003065584345 11.739418460359651 20.090550883796844 0.0
0.0634765625 67.87293074330917 11.006738902650092 21.12033035404068 0.0
0.068359375 67.60477183566118 10.318364000703426 22.07686416363533 0.0
0.0732421875 67.36352582619595 9.671838660781335 22.964635513022657 0.0
0.078125 67.14731284811636 9.0648112750604 23.787875876823186 0.0
0.0830078125 66.95438960127106 8.495034291434958 24.55057610729393 0.0
0.087890625 66.7831386725122 7.960363825585459 25.256497501902302 0.0
0.0927734375 66.632058760499 7.458758489024161 25.90918275047678 0.0
0.09765625 66.49975572364582 6.988277582889119 26.511966693465013 0.0
0.1025390625 66.38493437721901 6.547078786137225 27.067986836643723 0.0
0.107421875 66.28639097233045 6.133415448216781 27.580193579452732 0.0
0.1123046875 66.203006295767 5.745633580022182 28.051360124210785 0.0
0.1171875 66.13373933526093 5.38216862270661 28.484092042032426 0.0
0.1220703125 66.07762145997262 5.041542061529906 28.880836478497443 0.0
0.126953125 66.03375107065649 4.722357941142768 29.24389098820071 0.0
0.1318359375 66.00128867824748 4.423299329368534 29.575411992383966 0.0
0.13671875 65.97945237347135 4.143124768470845 29.877422858057788 0.0
0.1416015625 65.96751365358189 3.8806647459372607 30.151821600480837 0.0
0.146484375 65.96479357549158 3.6348182108289624 30.40038821367944 0.0
0.1513671875 65.97065920742145 3.4045491566232267 30.624791635955305 0.0
0.15625 65.98452035377703 3.188883287099977 30.826596359122977 0.0
0.1611328125 66.00582653028796 2.986904778100415 31.007268691611607 0.0
0.166015625 66.03406416855223 2.7977531448294375 31.168182686618312 0.0
0.1708984375 66.06875403102453 2.620620221709311 31.310625747266144 0.0
0.17578125 66.10944881920216 2.4547472595539994 31.435803921243828 0.0
0.1806640625 66.15573095930952 2.2994221429635626 31.544846897726895 0.0
0.185546875 66.20721055117993 2.153976729285532 31.638812719534528 0.0
0.1904296875 66.2635234672965 2.0177843092105805 31.71869222349292 0.0
0.1953125 66.32432959009624 1.8902571880244563 31.785413221879292 0.0
0.2001953125 66.38931117667418 1.7708443856931817 31.839844437632628 0.0
0.205078125 66.45817134095957 1.6590294532845378 31.882799205755887 0.0
0.2099609375 66.53063264428368 1.5543284027003206 31.91503895301598 0.0
0.21484375 66.60643578602641 1.4562877462886057 31.937276467684978 0.0
0.2197265625 66.68533838672535 1.3644826426041146 31.95017897067053 0.0
0.224609375 66.76711385666438 1.2785151443711746 31.95437099896444 0.0
0.2294921875 66.85155034353281 1.1980125445634195 31.950437111903774 0.0
0.234375 66.93844975326942 1.12262581643496 31.938924430295618 0.0
0.2392578125 67.0276268386818 1.0520281433087357 31.920345018009463 0.0
0.244140625 67.1189083508645 0.9859135339400404 31.895178115195456 0.0
0.2490234375 67.21213224883559 0.9239955193190721 31.86387223184534 0.0
0.25390625 67.30714696317159 0.8660059268491769 31.826847109979227 0.0
0.2587890625 67.4038107097509 0.8116937279316133 31.78449556231748 0.0
0.263671875 67.50199085001691 0.7608239550983891 31.73718519488469 0.0
0.2685546875 67.60156329444833 0.713176684957997 31.68526002059366 0.0
0.2734375 67.70241194617654 0.6685460833512996 31.629041970472137 0.0
0.2783203125 67.80442818192176 0.6267395092535448 31.56883230882467 0.0
0.283203125 67.9075103676321 0.5875766741011739 31.50491295826671 0.0
0.2880859375 68.01156340640496 0.5508888533667338 31.437547740228286 0.0
0.29296875 68.11649831644951 0.5165181473502234 31.366983536200248 0.0
0.2978515625 68.22223183701371 0.4843167882992576 31.293451374687017 0.0
0.302734375 68.32868606035154 0.4541464911124728 31.21716744853596 0.0
0.3076171875 68.4357880879457 0.4258778450197564 31.138334067034528 0.0
0.3125 68.54346970932973 0.3993897437685102 31.05714054690174 0.0
0.3173828125 68.65166710197305 0.3745688519767298 30.973764046050196 0.0
0.322265625 68.76032055080123 0.3513091054408246 30.888370343757916 0.0
0.3271484375 68.86937418602596 0.32951124330854387 30.80111457066546 0.0
0.33203125 68.97877573805235 0.3090823701449262 30.71214189180269 0.0
0.3369140625 69.08847630831795 0.2899355460317601 30.621588145650257 0.0
0.341796875 69.1984301549981 0.2719894029485799 30.529580442053273 0.0
0.3466796875 69.30859449258628 0.2551677857857392 30.436237721627936 0.0
0.3515625 69.41892930442675 0.23939941643765555 30.341671279135554 0.0
0.3564453125 69.52939716734083 0.2246175795169861 30.245985253142145 0.0
0.361328125 69.63996308754678 0.2107598283183908 30.1492770841348 0.0
0.3662109375 69.75059434712823 0.1977677097437966 30.051637943127936 0.0
0.37109375 69.86126036035702 0.1855865069798413 29.953153132663097 0.0
0.3759765625 69.97193253922319 0.1741649987926086 29.85390246198416 0.0
0.380859375 70.08258416756908 0.16345523437503398 29.753960598055844 0.0
0.3857421875 70.19319028326494 0.15341232274863503 29.653397393986378 0.0
0.390625 70.30372756790148 0.14399423578367498 29.55227819631481 0.0
0.3955078125 70.41417424350979 0.1351616239606794 29.450664132529493 0.0
0.400390625 70.5245099758522 0.12687764405156648 29.348612380096192 0.0
0.4052734375 70.63471578385757 0.11910779795069376 29.246176418191695 0.0
0.41015625 70.74477395480335 0.11181978193503476 29.143406263261575 0.0
0.4150390625 70.8546679648729 0.1049833456786434 29.040348689448408 0.0
0.419921875 70.96438240474127 0.09857016038969937 28.937047434868983 0.0
0.4248046875 71.07390290986532 0.09255369547890885 28.833543394655717 0.0
0.4296875 71.18321609517588 0.08690910320600818 28.729874801618063 0.0
0.4345703125 71.2923094938889 0.0816131107867269 28.626077395324323 0.0
0.439453125 71.40117150017177 0.07664391947594502 28.522184580352228 0.0
0.4443359375 71.50979131541773 0.07198111017405896 28.418227574408156 0.0
0.44921875 71.61815889789769 0.06760555513287267 28.314235546969385 0.0
0.4541015625 71.72626491557386 0.06349933536477541 28.210235749061297 0.0
0.458984375 71.83410070187358 0.059645663384664094 28.10625363474169 0.0
0.4638671875 71.94165821423458 0.056028810938124576 28.002312974827237 0.0
0.46875 72.04892999524571 0.052634041391901164 27.89843596336233 0.0
0.4736328125 72.15590913621809 0.04944754648375291 27.79464331729811 0.0
0.478515625 72.26258924303237 0.04645638714850769 27.690954369819075 0.0
0.4833984375 72.36896440411812 0.04364843815556587 27.58738715772627 0.0
0.48828125 72.47502916043007 0.041012336310353635 27.483958503259526 0.0
0.4931640625 72.58077847729521 0.03853743198835738 27.380684090716375 0.0
0.498046875 72.6862077180124 0.03621374378545524 27.27757853820209 0.0
0.5029296875 72.791312619094 0.03403191608236645 27.17465546482358 0.0
0.5078125 72.89608926704608 0.031983179334226335 27.071927553619645 0.0
0.5126953125 73.00053407659026 0.03005931290862313 26.969406610501075 0.0
0.517578125 73.10464377023658 0.028252610306957075 26.867103619456422 0.0
0.5224609375 73.20841535912251 0.026555846614755036 26.765028794262687 0.0
0.52734375 73.31184612503866 0.024962248036642765 26.66319162692466 0.0
0.5322265625 73.41493360356665 0.023465463381088052 26.561600933052222 0.0
0.537109375 73.51767556825978 0.022059537368823743 26.460264894371367 0.0
0.5419921875 73.62007001580085 0.02073888564707998 26.359191098552035 0.0
0.546875 73.72211515207646 0.019498271399437456 26.25838657652407 0.0
0.5517578125 73.82380937911014 0.018332783448293054 26.15785783744153 0.0
0.556640625 73.92515128280112 0.017237815753638638 26.057610901445205 0.0
0.5615234375 74.02613962141817 0.01620904821812402 25.957651330363674 0.0
0.56640625 74.12677331480172 0.015242428714234438 25.857984256484013 0.0
0.5712890625 74.2270514342301 0.014334156254888776 25.758614409514973 0.0
0.576171875 74.32697319290861 0.013480665233881762 25.65954614185747 0.0
0.5810546875 74.42653793704271 0.012678610667375495 25.560783452289872 0.0
0.5859375 74.52574513745917 0.01192485437211453 25.462330008168674 0.0
0.5908203125 74.62459438174109 0.011216452020215177 25.364189166238653 0.0
0.595703125 74.72308536684507 0.010550641014282647 25.266363992140608 0.0
0.6005859375 74.82121789217055 0.009924829130257393 25.168857278699146 0.0
0.60546875 74.91899185305354 0.009336583878800995 25.07167156306761 0.0
0.6103515625 75.01640723465829 0.008783622539218137 24.974809142802446 0.0
0.615234375 75.11346410624252 0.008263802822889056 24.878272090934544 0.0
0.6201171875 75.2101626157731 0.00777511412597018 24.78206227010088 0.0
0.625 75.30650298487053 0.007315669333722208 24.68618134579569 0.0
0.6298828125 75.40248550406207 0.006883697141256596 24.59063079879662 0.0
0.634765625 75.49811052832436 0.006477534857764453 24.49541193681782 0.0
0.6396484375 75.593378472898 0.006095621663416685 24.400525905438535 0.0
0.64453125 75.68828980935706 0.0057364922901105295 24.305973698352783 0.0
0.6494140625 75.78284506191814 0.005398771099094582 24.211756166982713 0.0
0.654296875 75.87704480397413 0.005081166530240422 24.11787402949557 0.0
0.6591796875 75.97088965483894 0.004782465899352068 24.024327879261648 0.0
0.6640625 76.06438027669027 0.004501530521421993 23.93111819278824 0.0
0.6689453125 76.15751737169836 0.004237291139161391 23.83824533716241 0.0
0.673828125 76.25030167932924 0.003988743637459141 23.74570957703324 0.0
0.6787109375 76.34273397381189 0.0037549450256646024 23.653511081162385 0.0
0.68359375 76.43481506175932 0.0035350096707495696 23.56164992856986 0.0
0.6884765625 76.52654577993415 0.003328105765489732 23.470126114300296 0.0
0.693359375 76.61792699314978 0.003133452016820727 23.378939554833345 0.0
0.6982421875 76.7089595922991 0.002950314540472938 23.288090093160385 0.0
0.703125 76.7996444925028 0.002778003948876877 23.19757750354828 0.0
0.7080078125 76.88998263137012 0.0026158726201613142 23.107401496009675 0.0
0.712890625 76.97997496736508 0.0024633121368430066 23.017561720498026 0.0
0.7177734375 77.06962247827192 0.0023197508835334627 22.92805777084449 0.0
0.72265625 77.15892615975362 0.0021846517936679015 22.83888918845266 0.0
0.7275390625 77.24788702399789 0.0020575102358974923 22.750055465766156 0.0
0.732421875 77.33650609844541 0.0019378520313809463 22.661556049523146 0.0
0.7373046875 77.42478442459519 0.001825231593768237 22.57339034381098 0.0
0.7421875 77.51272305688245 0.0017192301841901445 22.485557712933296 0.0
0.7470703125 77.60032306162472 0.001619454274054777 22.398057484101162 0.0
0.751953125 77.68758551603186 0.001525534008908389 22.31088894995917 0.0
0.7568359375 77.7745115072763 0.0014371217670447365 22.22405137095659 0.0
0.76171875 77.86110213161979 0.001353890806946755 22.137543977573202 0.0
0.7666015625 77.94735849359321 0.0012755339980183326 22.051365972408703 0.0
0.771484375 78.0332817052264 0.001201762629413981 21.96551653214412 0.0
0.7763671875 78.11887288532475 0.0011323052921018853 21.87999480938308 0.0
0.78125 78.20413315879 0.0010669068296025393 21.794799934380325 0.0
0.7861328125 78.2890636559824 0.0010053273531323453 21.70993101666439 0.0
0.791015625 78.37366551212182 0.000947341317150387 21.62538714656096 0.0
0.7958984375 78.45793986672543 0.0008927366515583096 21.541167396622946 0.0
0.80078125 78.54188786307985 0.0008413139470389229 21.45727082297304 0.0
0.8056640625 78.62551064774559 0.0007928856902398359 21.373696466564102 0.0
0.810546875 78.70880937009184 0.0007472755457150971 21.290443354362367 0.0
0.8154296875 78.79178518185995 0.0007043176817313513 21.207510500458238 0.0
0.8203125 78.87443923675366 0.0006638561372262784 21.12489690710904 0.0
0.8251953125 78.9567726900546 0.0006257442273768434 21.042601565717938 0.0
0.830078125 79.03878669826166 0.0005898439853938889 20.960623457752863 0.0
0.8349609375 79.12048241875246 0.0005560256383085459 20.87896155560915 0.0
0.83984375 79.20186100946601 0.0005241671146554509 20.797614823419252 0.0
0.8447265625 79.28292362860499 0.0004941535820884636 20.71658221781284 0.0
0.849609375 79.36367143435663 0.00046587701308702117 20.635862688630198 0.0
0.8544921875 79.44410558463102 0.00043923577702598826 20.555455179591867 0.0
0.859375 79.52422723681583 0.0004141342569893466 20.475358628927086 0.0
0.8642578125 79.6040375475465 0.00039048248980878624 20.39557196996361 0.0
0.869140625 79.6835376724908 0.0003681958279026354 20.316094131681208 0.0
0.8740234375 79.76272876614728 0.0003471946215790072 20.23692403923106 0.0
0.87890625 79.84161198165627 0.000327403920549924 20.158060614423093 0.0
0.8837890625 79.92018847062319 0.00030875319348086077 20.07950277618324 0.0
0.888671875 79.99845938295304 0.00029117606447295115 20.00124944098239 0.0
0.8935546875 80.07642586669569 0.00027461006544334443 19.923299523238786 0.0
0.8984375 80.15408906790105 0.0002589964034331662 19.845651935695425 0.0
0.9033203125 80.23145013048394 0.00024427974193250076 19.768305589774045 0.0
0.908203125 80.30851019609752 0.00023040799536802592 19.69125939590702 0.0
0.9130859375 80.38527040401537 0.0002173321359516329 19.614512263848578 0.0
0.91796875 80.46173189102126 0.00020500601213777503 19.538063102966504 0.0
0.9228515625 80.53789579130631 0.00019338617798361716 19.461910822515605 0.0
0.927734375 80.6137632363732 0.00018243173274949957 19.38605433189394 0.0
0.9326171875 80.68933535494685 0.00017210417011796457 19.31049254088292 0.0
0.9375 80.76461327289125 0.00016236723644779514 19.235224359872184 0.0
0.9423828125 80.83959811313213 0.00015318679751533947 19.160248700070245 0.0
0.947265625 80.91429099558498 0.0001445307132289951 19.085564473701684 0.0
0.9521484375 80.9886930370883 0.00013636871983423895 19.01117059419176 0.0
0.95703125 81.0628053513416 0.0001286723191561488 18.93706597633914 0.0
0.9619140625 81.13662904884792 0.00012141467445408782 18.86324953647751 0.0
0.966796875 81.2101652368607 0.00011457051248923296 18.789720192626696 0.0
0.9716796875 81.28341501933453 0.0001081160314300284 18.716476864633936 0.0
0.9765625 81.35637949687974 0.00010202881424353557 18.643518474305914 0.0
0.9814453125 81.42905976672058 9.628774724212848e-05 18.570843945532076 0.0
0.986328125 81.50145692265666 9.087294347513383e-05 18.498452204399765 0.0
0.9912109375 81.57357205502754 8.576567067392329e-05 18.426342179301678 0.0
0.99609375 81.64540625068035 8.094828347670768e-05 18.35451280103607 0.0
1.0009765625 81.71696059294004 7.640415967593242e-05 18.282963002900182 0.0
1.005859375 81.78823616158239 7.211764024679883e-05 18.211691720777264 0.0
1.0107421875 81.85923403280938 6.807397293009984e-05 18.14069789321759 0.0
1.015625 81.92995527922692 6.425925915632221e-05 18.069980461513836 0.0
1.0205078125 82.00040096982468 6.066040411088498e-05 17.999538369771116 0.0
1.025390625 82.0705721699581 5.726506975251025e-05 17.92937056497206 0.0
1.0302734375 82.14046994133213 5.4061630608104136e-05 17.859475997037176 0.0
1.03515625 82.21009534198696 5.103913217821127e-05 17.789853618880784 0.0
1.0400390625 82.2794494262853 4.8187251797137236e-05 17.720502386462833 0.0
1.044921875 82.34853324490135 4.5496261801251006e-05 17.651421258836784 0.0
1.0498046875 82.41734784481123 4.295699486782176e-05 17.58260919819384 0.0
1.0546875 82.48589426928483 4.0560811395046385e-05 17.514065169903716 0.0
1.0595703125 82.55417355787895 3.8299568801719924e-05 17.445788142552182 0.0
1.064453125 82.62218674643178 3.616559263232129e-05 17.377777087975527 0.0
1.0693359375 82.6899348670584 3.415164936016119e-05 17.31003098129219 0.0
1.07421875 82.7574189481475 3.225092078769474e-05 17.242548800931665 0.0
1.0791015625 82.8246400143591 3.0456979949164757e-05 17.175329528660896 0.0
1.083984375 82.89159908662324 2.8763768426436e-05 17.10837214960828 0.0
1.0888671875 82.95829718213953 2.7165574994229488e-05 17.04167565228542 0.0
1.09375 83.02473531437762 2.565701551599015e-05 16.975239028606804 0.0
1.0986328125 83.09091449307846 2.4233014016340294e-05 16.90906127390747 0.0
1.103515625 83.15683572425625 2.288878486050492e-05 16.84314138695883 0.0
1.1083984375 83.22250001020122 2.1619815975259712e-05 16.77747836998276 0.0
1.11328125 83.28790834948289 2.0421853049865463e-05 16.71207122866401 0.0
1.1181640625 83.35306173695417 1.9290884659129013e-05 16.64691897216111 0.0
1.123046875 83.41796116375588 1.8223128254184906e-05 16.58202061311581 0.0
1.1279296875 83.48260761732182 1.7215016969837584e-05 16.517375167661147 0.0
1.1328125 83.54700208138448 1.6263187200353807e-05 16.452981655428257 0.0
1.1376953125 83.61114553598107 1.5364466898460863e-05 16.388839099551966 0.0
1.142578125 83.67503895746012 1.4515864554999456e-05 16.32494652667525 0.0
1.1474609375 83.73868331848844 1.3714558819211333e-05 16.261302966952666 0.0
1.15234375 83.80207958805846 1.295788872202059e-05 16.197907454052736 0.0
1.1572265625 83.865228731496 1.2243344466903535e-05 16.134759025159447 0.0
1.162109375 83.92813171046832 1.1568558755043544e-05 16.071856720972846 0.0
1.1669921875 83.9907894829925 1.0931298613442891e-05 16.009199585708817 0.0
1.171875 84.05320300344414 1.0329457696520404e-05 15.946786667098088 0.0
1.1767578125 84.11537322256638 9.761049033469588e-06 15.884617016384514 0.0
1.181640625 84.17730108747905 9.22419819529289e-06 15.822689688322676 0.0
1.1865234375 84.23898754168822 8.717136856970772e-06 15.761003741174852 0.0
1.19140625 84.30043352509581 8.238196731674801e-06 15.699558236707377 0.0
1.1962890625 84.3616399740096 7.785803855298013e-06 15.638352240186457 0.0
1.201171875 84.42260782115326 7.3584732008581775e-06 15.57738482037345 0.0
1.2060546875 84.48333799567665 6.9548036035356394e-06 15.516655049519656 0.0
1.2109375 84.54383142316628 6.573472978241382e-06 15.456162003360657 0.0
1.2158203125 84.6040890256559 6.213233812677434e-06 15.395904761110206 0.0
1.220703125 84.66411172163725 5.872908919854691e-06 15.33588240545374 0.0
1.2255859375 84.72390042607098 5.551387434976468e-06 15.276094022541491 0.0
1.23046875 84.7834560503976 5.247621042483284e-06 15.216538701981266 0.0
1.2353515625 84.84277950254861 4.960620419888822e-06 15.15721553683088 0.0
1.240234375 84.90187168695773 4.689451885821897e-06 15.098123623590293 0.0
1.2451171875 84.9607335045722 4.433234240427601e-06 15.039262062193465 0.0
1.25 85.0193658528642 4.191135786975319e-06 14.980629955999927 0.0
1.2548828125 85.07776962584227 3.962371524174693e-06 14.922226411786117 0.0
1.259765625 85.13594571406293 3.7462004993152953e-06 14.864050539736478 0.0
1.2646484375 85.19389500464224 3.5419233129240958e-06 14.806101453434346 0.0
1.26953125 85.2516183812675 3.3488797661789064e-06 14.748378269852628 0.0
1.2744140625 85.30911672420896 3.1664466428279576e-06 14.690880109344299 0.0
1.279296875 85.36639091033156 2.9940356178474763e-06 14.633606095632732 0.0
1.2841796875 85.42344181310676 2.8310912855224384e-06 14.576555355801856 0.0
1.2890625 85.48027030262443 2.677089300062228e-06 14.519727020286172 0.0
1.2939453125 85.53687724560464 2.531534622264362e-06 14.463120222860635 0.0
1.298828125 85.59326350540964 2.3939598661172206e-06 14.406734100630398 0.0
1.3037109375 85.6494299420557 2.2639237395882698e-06 14.350567794020458 0.0
1.30859375 85.70537741222515 2.1410095741789087e-06 14.294620446765176 0.0
1.3134765625 85.76110676927824 2.0248239381420295e-06 14.23889120589771 0.0
1.318359375 85.8166188632652 1.9149953285548602e-06 14.183379221739353 0.0
1.3232421875 85.87191454093816 1.8111729377187186e-06 14.128083647888788 0.0
1.328125 85.92699464576312 1.7130254896200095e-06 14.073003641211281 0.0
1.3330078125 85.98186001793196 1.6202401424340962e-06 14.018138361827782 0.0
1.337890625 86.03651149437445 1.5325214532864872e-06 13.963486973103988 0.0
1.3427734375 86.09094990877016 1.4495904017049676e-06 13.909048641639332 0.0
1.34765625 86.14517609156049 1.3711834684026628e-06 13.854822537255941 0.0
1.3525390625 86.1991908699606 1.2970517662263238e-06 13.800807832987532 0.0
1.357421875 86.2529950679714 1.2269602202870626e-06 13.74700370506828 0.0
1.3623046875 86.30658950639145 1.1606867944630387e-06 13.69340933292165 0.0
1.3671875 86.35997500282893 1.0980217616258017e-06 13.640023899149195 0.0
1.3720703125 86.41315237171354 1.0387670150947578e-06 13.586846589519334 0.0
1.376953125 86.46612242430837 9.827354189680757e-07 13.533876592956107 0.0
1.3818359375 86.51888596872179 9.297501951138256e-07 13.481113101527905 0.0
1.38671875 86.57144380991934 8.796443447327357e-07 13.428555310436204 0.0
1.3916015625 86.62379674973553 8.322601025241252e-07 13.376202418004265 0.0
1.396484375 86.67594558688563 7.874484215997547e-07 13.324053625665844 0.0
1.4013671875 86.72789111697752 7.450684873969513e-07 13.272108137953891 0.0
1.40625 86.7796341325234 7.049872589427894e-07 13.220365162489244 0.0
1.4111328125 86.83117542295153 6.670790359157031e-07 13.168823909969333 0.0
1.416015625 86.88251577461799 6.312250500400268e-07 13.117483594156871 0.0
1.4208984375 86.93365597081825 5.973130794329047e-07 13.066343431868571 0.0
1.42578125 86.98459679179896 5.652370846021074e-07 13.015402642963853 0.0
1.4306640625 87.03533901476946 5.348968648678034e-07 12.964660450333568 0.0
1.435546875 87.08588341391342 5.061977340515411e-07 12.914116079888736 0.0
1.4404296875 87.1362307604004 4.790502143418444e-07 12.863768760549288 0.0
1.4453125 87.18638182239731 4.533697473081538e-07 12.813617724232836 0.0
1.4501953125 87.23633736508002 4.290764210935735e-07 12.763662205843447 0.0
1.455078125 87.28609815064473 4.060947128722316e-07 12.713901443260442 0.0
1.4599609375 87.33566493831943 3.843532457092088e-07 12.664334677327211 0.0
1.46484375 87.38503848437527 3.637845590101427e-07 12.614961151840053 0.0
1.4697265625 87.43421954213797 3.4432489179393066e-07 12.56578011353703 0.0
1.474609375 87.48320886199906 3.259139780656098e-07 12.516790812086857 0.0
1.4794921875 87.53200719142724 3.08494853607634e-07 12.467992500077795 0.0
1.484375 87.58061527497962 2.920136735465474e-07 12.419384433006595 0.0
1.4892578125 87.62903385431291 2.764195400886049e-07 12.370965869267444 0.0
1.494140625 87.6772636681946 2.6166433985234505e-07 12.322736070140952 0.0
1.4990234375 87.72530545251414 2.4770259025859524e-07 12.274694299783166 0.0
1.50390625 87.773159940294 2.3449129446900716e-07 12.226839825214602 0.0
1.5087890625 87.82082786170076 2.219898043930802e-07 12.179171916309324 0.0
1.513671875 87.86830994405618 2.101596913108392e-07 12.131689845784027 0.0
1.5185546875 87.9156069118481 1.989646236839852e-07 12.084392889187178 0.0
1.5234375 87.96271948674149 1.883702517525219e-07 12.037280324888165 0.0
1.5283203125 88.00964838758931 1.7834409853666275e-07 11.990351434066495 0.0
1.533203125 88.05639433044344 1.6885545688532418e-07 11.943605500701011 0.0
1.5380859375 88.10295802856547 1.5987529223278207e-07 11.897041811559147 0.0
1.54296875 88.14934019243753 1.513761507441842e-07 11.850659656186215 0.0
1.5478515625 88.19554152977311 1.4333207254863814e-07 11.804458326894725 0.0
1.552734375 88.24156274552766 1.3571850977559153e-07 11.75843711875374 0.0
1.5576171875 88.2874045419094 1.2851224912625276e-07 11.71259532957826 0.0
1.5625 88.33306761838992 1.216913387269176e-07 11.666932259918644 0.0
1.5673828125 88.37855267171481 1.1523501902532555e-07 11.621447213050066 0.0
1.572265625 88.42386039591423 1.0912365750461664e-07 11.576139494962007 0.0
1.5771484375 88.46899148231344 1.0333868700214316e-07 11.531008414347774 0.0
1.58203125 88.51394661954329 9.786254743235307e-08 11.486053282594066 0.0
1.5869140625 88.55872649355071 9.267863072424642e-08 11.441273413770563 0.0
1.591796875 88.60333178760911 8.777122879454981e-08 11.396668124619564 0.0
1.5966796875 88.64776318232877 8.312548438779451e-08 11.352236734545645 0.0
1.6015625 88.6920213556672 7.872734462395543e-08 11.307978565605366 0.0
1.6064453125 88.73610698293939 7.456351710324371e-08 11.263892942497002 0.0
1.611328125 88.78002073682816 7.062142842607508e-08 11.219979192550323 0.0
1.6162109375 88.82376328739433 6.68891849941893e-08 11.176236645716399 0.0
1.62109375 88.86733530208693 6.335553596639906e-08 11.132664634557445 0.0
1.6259765625 88.91073744575337 6.00098382495264e-08 11.089262494236705 0.0
1.630859375 88.95397038064952 5.684202341176401e-08 11.04602956250836 0.0
1.6357421875 88.99703476644984 5.3842566412001837e-08 11.002965179707498 0.0
1.640625 89.03993126025736 5.100245604460663e-08 10.960068688740087 0.0
1.6455078125 89.08266051661373 4.831316700475369e-08 10.917339435073007 0.0
1.650390625 89.12522318750915 4.5766633484706406e-08 10.874776766724118 0.0
1.6552734375 89.16761992239233 4.335522421643643e-08 10.832380034252347 0.0
1.66015625 89.20985136818035 4.1071718880693886e-08 10.790148590747831 0.0
1.6650390625 89.25191816926854 3.8909285807088114e-08 10.748081791822086 0.0
1.669921875 89.29382096754024 3.686146089394028e-08 10.70617899559821 0.0
1.6748046875 89.33556040237666 3.492212768063414e-08 10.66443956270113 0.0
1.6796875 89.37713711066654 3.3085498508933455e-08 10.622862856247881 0.0
1.6845703125 89.4185517268159 3.134609671326674e-08 10.58144824183792 0.0
1.689453125 89.45980488275771 2.969873978331422e-08 10.540195087543479 0.0
1.6943359375 89.50089720796146 2.8138523445378998e-08 10.49910276389995 0.0
1.69921875 89.54182932944282 2.6660806611995235e-08 10.458170643896311 0.0
1.7041015625 89.58260187177315 2.5261197152030748e-08 10.417398102965583 0.0
1.708984375 89.62321545708906 2.3935538436188853e-08 10.376784518975327 0.0
1.7138671875 89.66367070510185 2.2679896615313732e-08 10.336329272218176 0.0
1.71875 89.70396823310698 2.1490548591263274e-08 10.296031745402399 0.0
1.7236328125 89.74410865599346 2.036397064234115e-08 10.255891323642501 0.0
1.728515625 89.78409258625324 1.9296827667383276e-08 10.21590739444987 0.0
1.7333984375 89.82392063399054 1.828596301457983e-08 10.176079347723439 0.0
1.73828125 89.86359340693114 1.7328388862989075e-08 10.136406575740406 0.0
1.7431640625 89.9031115104317 1.6421277126469997e-08 10.096888473146965 0.0
1.748046875 89.9424755474889 1.5561950851432573e-08 10.0575244369491 0.0
1.7529296875 89.98168611874868 1.4747876081383373e-08 10.018313866503389 0.0
1.7578125 90.02074382251544 1.3976654162735072e-08 9.979256163507856 0.0
1.7626953125 90.05964925476108 1.3246014467756402e-08 9.940350731992854 0.0
1.767578125 90.09840300913416 1.2553807511868708e-08 9.901596978311991 0.0
1.7724609375 90.13700567696888 1.189799844375103e-08 9.862994311133075 0.0
1.77734375 90.17545784729418 1.1276660887901556e-08 9.82454214142911 0.0
1.7822265625 90.21376010684267 1.0687971120423435e-08 9.786239882469312 0.0
1.787109375 90.25191304005958 1.0130202559860866e-08 9.748086949810173 0.0
1.7919921875 90.28991722911168 9.60172055591063e-09 9.71008276128655 0.0
1.796875 90.32777325389618 9.100977459778104e-09 9.672226737002793 0.0
1.8017578125 90.36548169204954 8.6265079608383e-09 9.634518299323904 0.0
1.806640625 90.4030431189563 8.17692467510471e-09 9.596956872866729 0.0
1.8115234375 90.44045810775785 7.750913971804184e-09 9.55954188449119 0.0
1.81640625 90.47772722936118 7.347232025107713e-09 9.522272763291548 0.0
1.8212890625 90.51485105244757 6.964701078776819e-09 9.485148940587692 0.0
1.826171875 90.55183014348128 6.602205912156099e-09 9.448169849916477 0.0
1.8310546875 90.58866506671819 6.258690496576036e-09 9.41133492702308 0.0
1.8359375 90.6253563842144 5.933154831828925e-09 9.374643609852404 0.0
1.8408203125 90.66190465583482 5.62465195294634e-09 9.338095338540496 0.0
1.845703125 90.69831043926166 5.33228509804105e-09 9.301689555406018 0.0
1.8505859375 90.73457429000302 5.055205028481179e-09 9.265425704941741 0.0
1.85546875 90.77069676140128 4.792607493141606e-09 9.229303233806073 0.0
1.8603515625 90.80667840464162 4.5437308289283906e-09 9.193321590814621 0.0
1.865234375 90.84251976876033 4.3078536901980645e-09 9.157480226931781 0.0
1.8701171875 90.8782214006533 4.084292900096193e-09 9.121778595262372 0.0
1.875 90.91378384508428 3.872401417220056e-09 9.086216151043287 0.0
1.8798828125 90.94920764469322 3.6715664113698164e-09 9.050792351635186 0.0
1.884765625 90.98449334000453 3.481207442492297e-09 9.015506656514228 0.0
1.8896484375 91.01964146943538 3.300774737242614e-09 8.980358527263812 0.0
1.89453125 91.05465256930384 3.129747557892367e-09 8.945347427566379 0.0
1.8994140625 91.08952717383711 2.9676326585999206e-09 8.910472823195219 0.0
1.904296875 91.12426581517967 2.81396282432941e-09 8.87573418200633 0.0
1.9091796875 91.15886902340137 2.6682954879613265e-09 8.8411309739303 0.0
1.9140625 91.19333732650553 2.5302114213797284e-09 8.806662670964217 0.0
1.9189453125 91.22767125043703 2.3993134965500724e-09 8.77232874716362 0.0
1.923828125 91.26187131909026 2.275225512818025e-09 8.738128678634473 0.0
1.9287109375 91.29593805431719 2.157591086864201e-09 8.704061943525172 0.0
1.93359375 91.32987197593529 2.046072601943125e-09 8.670128022018588 0.0
1.9384765625 91.36367360173547 1.940350213217522e-09 8.636326396324133 0.0
1.943359375 91.39734344748997 1.8401209061718503e-09 8.602656550669863 0.0
1.9482421875 91.43088202696025 1.7450976052523665e-09 8.569117971294611 0.0
1.953125 91.4642898519048 1.6550083300354685e-09 8.535710146440147 0.0
1.9580078125 91.49756743208698 1.5695953963720864e-09 8.502432566343371 0.0
1.962890625 91.5307152752828 1.488614660093963e-09 8.469284723228537 0.0
1.9677734375 91.56373388728862 1.4118348009981997e-09 8.436266111299505 0.0
1.97265625 91.5966237719289 1.3390366449498716e-09 8.403376226732025 0.0
1.9775390625 91.6293854310639 1.2700125220592166e-09 8.370614567666054 0.0
1.982421875 91.6620193645973 1.2045656590002613e-09 8.337980634198093 0.0
1.9873046875 91.69452607048389 1.1425096036420854e-09 8.305473928373566 0.0
1.9921875 91.72690604473708 1.0836676802626036e-09 8.273093954179217 0.0
1.9970703125 91.75915978143654 1.027872473708049e-09 8.240840217535547 0.0
2.001953125 91.79128777273571 9.74965340949581e-10 8.208712226289276 0.0
2.0068359375 91.82329050886933 9.247959485718847e-10 8.17670949020583 0.0
2.01171875 91.85516847816088 8.772218348075443e-10 8.144831520961867 0.0
2.0166015625 91.88692216703004 8.321079948056059e-10 8.113077832137822 0.0
2.021484375 91.91855206000015 7.893264878933278e-10 8.08144793921049 0.0
2.0263671875 91.95005863970559 7.487560656568773e-10 8.049941359545626 0.0
2.03125 91.9814423868991 7.1028181972987e-10 8.01855761239059 0.0
2.0361328125 92.01270378045918 6.737948482383678e-10 7.987296218867006 0.0
2.041015625 92.04384329739733 6.391919399074397e-10 7.95615670196346 0.0
2.0458984375 92.07486141286539 6.063752748878159e-10 7.925138586528217 0.0
2.05078125 92.10575860016276 5.752521414117071e-10 7.894241399261974 0.0
2.0556640625 92.13653533074361 5.457346674346655e-10 7.86346466871064 0.0
2.060546875 92.1671920742241 5.177395664655842e-10 7.83280792525814 0.0
2.0654296875 92.19772929838955 4.911878968297147e-10 7.80227070111925 0.0
2.0703125 92.22814746920152 4.660048336500474e-10 7.7718525303324615 0.0
2.0751953125 92.25844705080499 4.421194528706844e-10 7.74155294875287 0.0
2.080078125 92.28862850553543 4.1946452668205364e-10 7.711371494045093 0.0
2.0849609375 92.31869229392579 3.9797632974207805e-10 7.681307705676217 0.0
2.08984375 92.34863887471361 3.775944556198298e-10 7.651361124908773 0.0
2.0947265625 92.37846870484799 3.5826164291887215e-10 7.621531294793729 0.0
2.099609375 92.40818223949653 3.399236105665095e-10 7.591817760163527 0.0
2.1044921875 92.43777993205232 3.22528901782622e-10 7.562220067625131 0.0
2.109375 92.46726223414083 3.060287362677412e-10 7.532737765553116 0.0
2.1142578125 92.49662959562683 2.9037687017460185e-10 7.503370404082769 0.0
2.119140625 92.52588246462122 2.7552946345066665e-10 7.474117535103232 0.0
2.1240234375 92.55502128748788 2.614449541611286e-10 7.444978712250658 0.0
2.12890625 92.58404650885049 2.4808393942272147e-10 7.4159534909014075 0.0
2.1337890625 92.61295857159932 2.3540906259837776e-10 7.387041428165259 0.0
2.138671875 92.64175791689796 2.2338490642142338e-10 7.358242082878652 0.0
2.1435546875 92.67044498419006 2.119778917356469e-10 7.329555015597958 0.0
2.1484375 92.69902021120606 2.0115618155428348e-10 7.300979788592771 0.0
2.1533203125 92.72748403396986 1.9088959015676126e-10 7.2725159658392355 0.0
2.158203125 92.75583688680545 1.8114949695701673e-10 7.244163113013386 0.0
2.1630859375 92.78407920234356 1.7190876489134443e-10 7.215920797484522 0.0
2.16796875 92.81221141152824 1.6314166308714555e-10 7.187788588308609 0.0
2.1728515625 92.84023394362346 1.5482379358662339e-10 7.159766056221703 0.0
2.177734375 92.86814722621966 1.469320219114772e-10 7.131852773633398 0.0
2.1826171875 92.89595168524025 1.3944441126600787e-10 7.104048314620302 0.0
2.1875 92.92364774494811 1.3234016018680343e-10 7.07635225491954 0.0
2.1923828125 92.95123582795212 1.2559954345735195e-10 7.048764171922278 0.0
2.197265625 92.9787163552135 1.1920385611556516e-10 7.021283644667279 0.0
2.2021484375 93.00608974605238 1.1313536039131766e-10 6.993910253834472 0.0
2.20703125 93.03335641815406 1.0737723541974034e-10 6.966643581738562 0.0
2.2119140625 93.06051678757544 1.0191352958418075e-10 6.93948321232265 0.0
2.216796875 93.08757126875138 9.672911535048059e-11 6.91242873115189 0.0
2.2216796875 93.11452027450102 9.180964646154536e-11 6.885479725407164 0.0
2.2265625 93.14136421603408 8.714151736811618e-11 6.8586357838787775 0.0
2.2314453125 93.1681035029571 8.271182477821872e-11 6.8318964969601925 0.0
2.236328125 93.19473854327971 7.850833121397985e-11 6.805261456641775 0.0
2.2412109375 93.2212697434209 7.451943047038725e-11 6.778730256504566 0.0
2.24609375 93.24769750821517 7.073411487613876e-11 6.752302491714086 0.0
2.2509765625 93.2740222409187 6.714194426200323e-11 6.7259777590141505 0.0
2.255859375 93.30024434321554 6.373301654710954e-11 6.699755656720724 0.0
2.2607421875 93.3263642152237 6.049793985830937e-11 6.673635784715787 0.0
2.265625 93.35238225550133 5.7427806102237264e-11 6.647617744441231 0.0
2.2705078125 93.3782988610527 5.4514165913931555e-11 6.621701138892777 0.0
2.275390625 93.40411442733432 5.174900490989467e-11 6.595885572613921 0.0
2.2802734375 93.42982934826097 4.912472117727312e-11 6.570170651689892 0.0
2.28515625 93.4554440162117 4.663410393443767e-11 6.5445559837416525 0.0
2.2900390625 93.48095882203582 4.427031330165336e-11 6.5190411779199 0.0
2.294921875 93.50637415505885 4.20268611237575e-11 6.493625844899111 0.0
2.2998046875 93.53169040308849 3.9897592789821296e-11 6.468309596871598 0.0
2.3046875 93.55690795242052 3.787666999766595e-11 6.443092047541589 0.0
2.3095703125 93.58202718784469 3.595855441384641e-11 6.4179728121193405 0.0
2.314453125 93.60704849265059 3.413799218231281e-11 6.392951507315257 0.0
2.3193359375 93.63197224863353 3.2409999237419067e-11 6.368027751334051 0.0
2.32421875 93.65679883610031 3.076984737927778e-11 6.343201163868909 0.0
2.3291015625 93.68152863387508 2.921305107166662e-11 6.318471366095697 0.0
2.333984375 93.70616201930508 2.773535492478112e-11 6.293837980667172 0.0
2.3388671875 93.73069936826643 2.6332721827108094e-11 6.269300631707233 0.0
2.34375 93.75514105516982 2.5001321692568443e-11 6.244858944805175 0.0
2.3486328125 93.77948745296626 2.3737520790854e-11 6.220512547009987 0.0
2.353515625 93.8037389331528 2.253787163056492e-11 6.196261066824651 0.0
2.3583984375 93.8278958657781 2.139910336634743e-11 6.172104134200483 0.0
2.36328125 93.8519586194482 2.0318112702740976e-11 6.148041380531477 0.0
2.3681640625 93.875927561332 1.9291955268873394e-11 6.124072438648688 0.0
2.373046875 93.89980305716703 1.831783743949711e-11 6.100196942814628 0.0
2.3779296875 93.9235854712649 1.7393108579142233e-11 6.076414528717681 0.0
2.3828125 93.9472751665169 1.651525368737784e-11 6.0527248334665495 0.0
2.3876953125 93.97087250439957 1.568188642432409e-11 6.0291274955847145 0.0
2.392578125 93.99437784498015 1.4890742496648634e-11 6.005622155004919 0.0
2.3974609375 94.01779154692214 1.4139673385314151e-11 5.982208453063675 0.0
2.40234375 94.04111396749073 1.3426640397322929e-11 5.958886032495793 0.0
2.4072265625 94.06434546255828 1.2749709024631931e-11 5.935654537428927 0.0
2.412109375 94.08748638660971 1.2107043594290657e-11 5.9125136133781435 0.0
2.4169921875 94.11053709274795 1.1496902194686747e-11 5.889462907240517 0.0
2.421875 94.1334979326993 1.0917631863573191e-11 5.8665020672897406 0.0
2.4267578125 94.15636925681883 1.0367664024298512e-11 5.843630743170755 0.0
2.431640625 94.1791514140957 9.845510157369552e-12 5.820848585894408 0.0
2.4365234375 94.20184475215848 9.34975769514762e-12 5.798155247832127 0.0
2.44140625 94.22444961728047 8.879066128114628e-12 5.7755503827106125 0.0
2.4462890625 94.24696635438497 8.432163311748454e-12 5.75303364560656 0.0
2.451171875 94.26939530705056 8.007841963617729e-12 5.730604692941389 0.0
2.4560546875 94.29173681751634 7.604956340847301e-12 5.70826318247601 0.0
2.4609375 94.31399122668714 7.2224190886184044e-12 5.686008773305593 0.0
2.4658203125 94.33615887413872 6.859198250853381e-12 5.663841125854372 0.0
2.470703125 94.35824009812298 6.514314434695299e-12 5.64175990187046 0.0
2.4755859375 94.38023523557307 6.18683812082914e-12 5.619764764420689 0.0
2.48046875 94.4021446221086 5.875887112104771e-12 5.597855377885472 0.0
2.4853515625 94.42396859204068 5.580624113313808e-12 5.576031407953675 0.0
2.490234375 94.44570747837712 5.3002544353439205e-12 5.554292521617521 0.0
2.4951171875 94.4673616128274 5.034023817286111e-12 5.532638387167506 0.0
2.5 94.48893132580783 4.7812163604041425e-12 5.511068674187341 0.0
2.5048828125 94.5104169464465 4.541152568191485e-12 5.489583053548907 0.0
2.509765625 94.5318188025884 4.313187487040828e-12 5.468181197407233 0.0
2.5146484375 94.55313722080037 4.096708942335282e-12 5.446862779195495 0.0
2.51953125 94.57437252637604 3.891135865039601e-12 5.425627473620032 0.0
2.5244140625 94.59552504334088 3.6959167041249615e-12 5.404474956655383 0.0
2.529296875 94.61659509445711 3.5105279204027135e-12 5.383404905539343 0.0
2.5341796875 94.63758300122859 3.334472557571802e-12 5.362416998768036 0.0
2.5390625 94.65848908390578 3.167278886501875e-12 5.341510916091013 0.0
2.5439453125 94.67931366149058 3.0084991189801206e-12 5.320686338506362 0.0
2.548828125 94.70005705174125 2.8577081873451538e-12 5.299942948255841 0.0
2.5537109375 94.72071957117721 2.714502586616382e-12 5.27928042882003 0.0
2.55859375 94.74130153508388 2.57849927590278e-12 5.258698464913503 0.0
2.5634765625 94.7618032575175 2.4493346360413416e-12 5.238196742480014 0.0
2.568359375 94.78222505130994 2.3266634805731985e-12 5.217774948687706 0.0
2.5732421875 94.80256722807343 2.2101581173148835e-12 5.197432771924337 0.0
2.578125 94.82283009820534 2.099507457923961e-12 5.177169901792529 0.0
2.5830078125 94.84301397089295 1.994416172992614e-12 5.156986029105025 0.0
2.587890625 94.8631191541181 1.8946038903301696e-12 5.136880845879977 0.0
2.5927734375 94.88314595466193 1.7998044342163165e-12 5.116854045336246 0.0
2.59765625 94.90309467810955 1.7097651035212815e-12 5.096905321888715 0.0
2.6025390625 94.92296562885473 1.6242459866977868e-12 5.077034371143633 0.0
2.607421875 94.94275911010448 1.5430193117525529e-12 5.057240889893969 0.0
2.6123046875 94.96247542388375 1.4658688294026955e-12 5.037524576114782 0.0
2.6171875 94.98211487103998 1.392589227714907e-12 5.017885128958614 0.0
2.6220703125 95.00167775124777 1.3229855766130433e-12 4.998322248750903 0.0
2.626953125 95.02116436301333 1.2568728007229361e-12 4.978835636985406 0.0
2.6318359375 95.04057500367915 1.1940751791021263e-12 4.959424996319644 0.0
2.63671875 95.05990996942849 1.1344258704770147e-12 4.940090030570368 0.0
2.6416015625 95.07916955528988 1.0777664626808526e-12 4.920830444709038 0.0
