0.0 95.0 5.0 0.0 0.0
0.01953125 94.07938974642636 5.044518266307965 0.8760919872656814 0.0
0.0390625 93.17402707098391 5.080364403803693 1.7456085252124054 0.0
0.05859375 92.28535660052306 5.107507967150057 2.607135432326897 0.0
0.078125 91.41473818550895 5.125981164560537 3.4592806499305255 0.0
0.09765625 90.56343875118803 5.13587660652132 4.300684642290658 0.0
0.1171875 89.73262559961633 5.137344230997691 5.130030169385995 0.0
0.13671875 88.92336118546181 5.130587507371896 5.946051307166307 0.0
0.15625 88.13659935514931 5.115859033778034 6.747541611072672 0.0
0.17578125 87.37318300866148 5.0934556503840405 7.533361340954496 0.0
0.1953125 86.6338431168848 5.063713194590761 8.30244368852445 0.0
0.21484375 85.91919900529439 5.027001023341535 9.053799971364093 0.0
0.234375 85.22975979726887 4.983716423193524 9.786523779537621 0.0
0.25390625 84.56592689746185 4.934279021046445 10.499794081491727 0.0
0.2734375 83.92799738728262 4.87912529808518 11.192877314632222 0.0
0.29296875 83.31616820035512 4.818703297235056 11.86512850240984 0.0
0.3125 82.73054094540831 4.753467600914231 12.515991453677474 0.0
0.33203125 82.17112724690266 4.68387464172297 13.14499811137438 0.0
0.3515625 81.63785447926902 4.610378394499952 13.751767126231032 0.0
0.37109375 81.13057177836717 4.533426484387739 14.336001737245091 0.0
0.390625 80.6490562231153 4.453456732580754 14.897487044303949 0.0
0.41015625 80.19301909068493 4.370894149583935 15.436086759731133 0.0
0.4296875 79.76211209973489 4.286148375302266 15.951739524962838 0.0
0.44921875 79.35593356746784 4.199611556239011 16.44445487629314 0.0
0.46875 78.9740344174934 4.111656642556959 16.91430893994963 0.0
0.48828125 78.61592398629692 4.022636081741213 17.361439931961858 0.0
0.5078125 78.28107558633003 3.9328808810315152 17.786043532638438 0.0
0.52734375 77.96893179320358 3.8427000075644253 18.188368199231977 0.0
0.546875 77.67890943307279 3.752380093151212 18.568710473775976 0.0
0.56640625 77.41040425400179 3.662185409668853 18.92741033632934 0.0
0.5859375 77.16279527185922 3.5723580810040265 19.264846647136736 0.0
0.60546875 76.93544878714079 3.4831184982077024 19.581432714651505 0.0
0.625 76.72772207407108 3.394665905840605 19.877612020088307 0.0
0.64453125 76.53896674745945 3.3071791292769546 20.15385412326359 0.0
0.6640625 76.36853181613483 3.220817414857816 20.410650769007347 0.0
0.68359375 76.21576643443551 3.1357213571330917 20.648512208431395 0.0
0.703125 76.0800223652546 3.0520138899051767 20.867963744840218 0.0
0.72265625 75.96065616961684 2.969801320305524 21.069542510077635 0.0
0.7421875 75.85703113875975 2.8891743876308413 21.25379447360941 0.0
0.76171875 75.7685189852825 2.810209331085181 21.42127168363233 0.0
0.78125 75.69450131017308 2.73296895287735 21.572529736949583 0.0
0.80078125 75.63437086248908 2.657503665280573 21.708125472230357 0.0
0.8203125 75.5875326082019 2.5838525122534994 21.82861487954461 0.0
0.83984375 75.55340462426705 2.5120441580370523 21.934551217695905 0.0
0.859375 75.53141883339553 2.4420978367754613 22.026483329829013 0.0
0.87890625 75.52102159430903 2.3740242586627813 22.1049541470282 0.0
0.8984375 75.5216741614959 2.3078264693931088 22.170499369111013 0.0
0.91796875 75.53285302767142 2.243500660801559 22.223646311527038 0.0
0.9375 75.5540501613061 2.1810369315341105 22.264912907159808 0.0
0.95703125 75.58477315073722 2.12041999738937 22.294806851873425 0.0
0.9765625 75.62454526553665 2.061629851646738 22.31382488281663 0.0
0.99609375 75.67290544498175 2.004642376246278 22.322452178771993 0.0
1.015625 75.72940822267627 1.9494299051286692 22.321161872195084 0.0
1.03515625 75.79362359559978 1.895961741391456 22.310414663008785 0.0
1.0546875 75.86513684513264 1.844204630182306 22.290658524685085 0.0
1.07421875 75.94354831691157 1.7941231894423344 22.262328493646127 0.0
1.09375 76.02847316572085 1.7456803007430777 22.22584653353611 0.0
1.11328125 76.11954107101577 1.6988374625388585 22.181621466445407 0.0
1.1328125 76.21639592810993 1.6535551081905984 22.130048963699505 0.0
1.15234375 76.31869551953365 1.6097928911152526 22.07151158935114 0.0
1.171875 76.42611117058776 1.5675099393837166 22.006378890028557 0.0
1.19140625 76.53832739267293 1.5266650820352292 21.93500752529188 0.0
1.2109375 76.6550415175673 1.4872170493031323 21.857741433129604 0.0
1.23046875 76.77596332545437 1.4491246488597977 21.774912025685868 0.0
1.25 76.90081466916422 1.4123469200913974 21.686838410744425 0.0
1.26953125 77.02932909678451 1.3768432683091913 21.59382763490634 0.0
1.2890625 77.16125147451966 1.3425735806958348 21.49617494478455 0.0
1.30859375 77.29633761142551 1.3094983256750823 21.394164062899442 0.0
1.328125 77.43435388742111 1.277578637283028 21.2880674752959 0.0
1.34765625 77.57507688577581 1.246776386010117 21.178146728214113 0.0
1.3671875 77.71829303108855 1.217054237476767 21.064652731434727 0.0
1.38671875 77.86379823361314 1.1883757002024398 20.94782606618446 0.0
1.40625 78.01139754063891 1.1607051636290733 20.82789729573205 0.0
1.42578125 78.16090479550701 1.1340079274654056 20.705087277027612 0.0
1.4453125 78.3121423047287 1.1082502233292233 20.5796074719421 0.0
1.46484375 78.46494051357098 1.0833992295801345 20.45166025684891 0.0
1.484375 78.619137690386 1.059423080156189 20.321439229457837 0.0
1.50390625 78.77457961988264 1.0362908681535523 20.18912951196382 0.0
1.5234375 78.9311193054704 1.013972644819396 20.054908049710214 0.0
1.54296875 79.08861668074591 0.9924394145641005 19.918943904690003 0.0
1.5625 79.24693833014113 0.9716631265395809 19.781398543319302 0.0
1.58203125 79.40595721870737 0.9516166632758714 19.642426118016783 0.0
1.6015625 79.56555243097095 0.9322738268178091 19.502173742211255 0.0
1.62109375 79.72560891876397 0.9136093227575183 19.360781758478538 0.0
1.640625 79.88601725790532 0.8955987425161662 19.21838399957854 0.0
1.66015625 80.04667341358476 0.8782185441899122 19.075108042225363 0.0
1.6796875 80.2074785142826 0.8614460322398444 18.931075453477593 0.0
1.69921875 80.36833863404264 0.8452593362737757 18.786402029683618 0.0
1.71875 80.52916458290265 0.8296373891388034 18.641198027958588 0.0
1.73828125 80.68987170527697 0.8145599045173193 18.49556839020575 0.0
1.7578125 80.85037968607834 0.8000073541954666 18.349612959726233 0.0
1.77734375 81.01061236436013 0.7859609451516739 18.203426690488236 0.0
1.796875 81.1704975542568 0.7724025965936749 18.057099849149566 0.0
1.81640625 81.3299668729981 0.7593149170551494 17.91071820994679 0.0
1.8359375 81.48895557577181 0.7466811816476411 17.764363242580583 0.0
1.85546875 81.64740239721021 0.7344853095495579 17.61811229324026 0.0
1.875 81.80524939927689 0.7227118418016945 17.47203875892145 0.0
1.89453125 81.9624418253327 0.7113459194676975 17.32621225519963 0.0
1.9140625 82.11892796016298 0.7003732622081063 17.18069877762894 0.0
1.93359375 82.27465899575117 0.6897801473079094 17.035560856940947 0.0
1.953125 82.42958890258875 0.6795533891898813 16.890857708221397 0.0
1.97265625 82.5836743063154 0.6696803194391768 16.746645374245453 0.0
1.9921875 82.73687436948846 0.6601487673587009 16.602976863152872 0.0
2.01171875 82.88915067828569 0.6509470410695367 16.459902280644805 0.0
2.03125 83.04046713395078 0.6420639091661421 16.317468956883104 0.0
2.05078125 83.1907898487964 0.6334885829320392 16.175721568271594 0.0
2.0703125 83.34008704658511 0.6252106991182699 16.03470225429665 0.0
2.08984375 83.48832896711431 0.6172203032839029 15.89445072960181 0.0
2.109375 83.63548777483662 0.6095078336953234 15.755004391468082 0.0
2.12890625 83.78153747135296 0.6020641057788437 15.616398422868219 0.0
2.1484375 83.92645381162129 0.5948802971193281 15.478665891259412 0.0
2.16796875 84.07021422372905 0.5879479329959664 15.34183784327501 0.0
2.1875 84.21279773208337 0.5812588724450403 15.205943395471623 0.0
2.20703125 84.35418488387785 0.5748052948384652 15.071009821283718 0.0
2.2265625 84.49435767870057 0.5685796869660344 14.937062634333438 0.0
2.24609375 84.63329950115255 0.5625748306086172 14.804125668238873 0.0
2.265625 84.77099505635144 0.5567837905890439 14.672221153059555 0.0
2.28515625 84.90743030819955 0.5511999032870313 14.54136978851345 0.0
2.3046875 85.0425924203006 0.5458167656042424 14.4115908140952 0.0
2.32421875 85.17646969941366 0.540628224365419 14.282902076220964 0.0
2.34375 85.30905154133784 0.5356283661414607 14.155320092520746 0.0
2.36328125 85.44032837912486 0.5308115074803381 14.02886011339484 0.0
2.3828125 85.57029163352156 0.526172185531808 13.903536180946666 0.0
2.40234375 85.69893366554784 0.5217051490520332 13.779361185400166 0.0
2.421875 85.82624773111984 0.5174053497743969 13.656346919105804 0.0
2.44140625 85.95222793763175 0.5132679341330234 13.534504128235262 0.0
2.4609375 86.07686920241326 0.5092882353257787 13.413842562260996 0.0
2.48046875 86.20016721298315 0.5054617657038064 13.294371021313083 0.0
2.5 86.32211838902295 0.5017842094749632 13.176097401502124 0.0
2.51953125 86.44271984599781 0.49825141570884346 13.059028738293378 0.0
2.5390625 86.56196936035471 0.49485939163141834 12.943171248013902 0.0
2.55859375 86.67986533623122 0.491604296197663 12.828530367571146 0.0
2.578125 86.79640677361093 0.48848243393089985 12.715110792458201 0.0
2.59765625 86.91159323786424 0.48549024901794147 12.60291651311785 0.0
2.6171875 87.02542483061603 0.48262431964947716 12.491950849734527 0.0
2.63671875 87.13790216188407 0.4798813525955055 12.382216485520457 0.0
2.65625 87.24902632343462 0.4772581780059701 12.273715498559442 0.0
2.67578125 87.35879886330383 0.47475174442710966 12.166449392269095 0.0
2.6953125 87.46722176143588 0.4723591140243807 12.060419124539772 0.0
2.71484375 87.57429740639093 0.4700774580031521 11.955625135605958 0.0
2.734375 87.68002857307779 0.46790405221870696 11.852067374703532 0.0
2.75390625 87.78441840146861 0.46583627296741376 11.749745325564003 0.0
2.7734375 87.88747037625409 0.46387159295124875 11.64865803079469 0.0
2.79296875 87.9891883074002 0.46200757740816284 11.548804115191668 0.0
2.8125 88.0895763115686 0.4602418804010887 11.45018180803034 0.0
2.83203125 88.18863879436483 0.45857224125867685 11.352788964376526 0.0
2.8515625 88.28638043337976 0.4569964811611349 11.256623085459143 0.0
2.87109375 88.38280616199144 0.4555124998648187 11.161681338143788 0.0
2.890625 88.47792115389576 0.4541182725594906 11.067960573544793 0.0
2.91015625 88.57173080833586 0.45281184685241715 10.975457344811774 0.0
2.9296875 88.66424073600125 0.45159133987372563 10.884167924125077 0.0
2.94921875 88.75545674556929 0.45045493549767945 10.794088318933074 0.0
2.96875 88.84538483086244 0.44940088167476094 10.705214287462837 0.0
2.98828125 88.93403115859603 0.44842748786967185 10.61754135353434 0.0
3.0078125 89.02140205669241 0.4475331226005754 10.53106482070705 0.0
3.02734375 89.1075040031384 0.4467162110751079 10.445779785786527 0.0
3.046875 89.19234361536368 0.4459752329188848 10.36168115171747 0.0
3.06640625 89.27592764011918 0.44530871999241384 10.278763639888448 0.0
3.0859375 89.35826294383496 0.4447152542925106 10.197021801872571 0.0
3.10546875 89.43935650343835 0.44419346593448433 10.116450030627217 0.0
3.125 89.51921539761355 0.4437420312115287 10.037042571174975 0.0
3.14453125 89.5978467984851 0.4433596707279115 9.95879353078705 0.0
3.1640625 89.67525796370796 0.4430451476027113 9.881696888689373 0.0
3.18359375 89.75145622894816 0.44279726574099487 9.805746505310898 0.0
3.203125 89.82644900073794 0.4426148681694689 9.73093613109265 0.0
3.22265625 89.90024374969093 0.4424968354337753 9.657259414875346 0.0
3.2421875 89.97284800406268 0.4424420840547276 9.58470991188264 0.0
3.26171875 90.04426934364284 0.4424495650409081 9.5132810913163 0.0
3.28125 90.11451539396593 0.44251826245516535 9.442966343578949 0.0
3.30078125 90.18359382082802 0.4426471920326622 9.373758987139357 0.0
3.3203125 90.25151232509721 0.4428353998482342 9.305652275054596 0.0
3.33984375 90.31827863780632 0.4430819610309214 9.238639401162802 0.0
3.359375 90.38390051551671 0.4433859785236336 9.172713505959692 0.0
3.37890625 90.44838573594258 0.44374658188600674 9.107867682171458 0.0
3.3984375 90.51174209382536 0.4441629261385965 9.044094980036084 0.0
3.41796875 90.57397739704871 0.4446341906466418 8.981388412304689 0.0
3.4375 90.63509946298434 0.4451595780417156 8.919740958973975 0.0
3.45703125 90.69511611505996 0.4457383131796576 8.85914557176042 0.0
3.4765625 90.75403517954037 0.4463696421332609 8.799595178326415 0.0
3.49609375 90.81186448251367 0.4470528312182565 8.741082686268117 0.0
3.515625 90.86861184707443 0.44778716605120966 8.683600986874401 0.0
3.53515625 90.92428509069612 0.4485719506380087 8.627142958665925 0.0
3.5546875 90.97889202278546 0.4494065064916899 8.571701470722905 0.0
3.57421875 91.03244044241171 0.45029017177840447 8.517269385809932 0.0
3.59375 91.0849381362039 0.45122230049039086 8.46383956330575 0.0
3.61328125 91.13639287640952 0.4522022616448722 8.411404861945655 0.0
3.6328125 91.18681241910835 0.4532294385078532 8.359958142383837 0.0
3.65234375 91.23620450257548 0.4543032278418401 8.309492269582725 0.0
3.671875 91.28457684578737 0.4554230391765591 8.260000115036105 0.0
3.69140625 91.33193714706573 0.4565882941017941 8.211474558832515 0.0
3.7109375 91.37829308285335 0.45779842558151046 8.163908491565186 0.0
3.73046875 91.42365230661702 0.45905287728847544 8.117294816094546 0.0
3.75 91.46802244787231 0.46035110295862636 8.07162644916909 0.0
3.76953125 91.51141111132537 0.46169256576447887 8.026896322910172 0.0
3.7890625 91.553825876127 0.4630767377069048 7.983097386166129 0.0
3.80859375 91.59527429523452 0.46450309902464654 7.940222605740863 0.0
3.828125 91.63576389487714 0.46597113762097014 7.898264967501911 0.0
3.84765625 91.67530217412035 0.467480348506892 7.8572174773727825 0.0
3.8671875 91.71389660452536 0.4690302332604485 7.817073162214219 0.0
3.88671875 91.75155462989969 0.4706202995015067 7.777825070598836 0.0
3.90625 91.78828366613489 0.4722500603816462 7.739466273483491 0.0
3.92578125 91.82409110112782 0.47391903408866926 7.701989864783529 0.0
3.9453125 91.85898429478173 0.475626743365325 7.665388961852959 0.0
3.96484375 91.89297057908371 0.4773727150418585 7.629656705874455 0.0
3.984375 91.92605725825503 0.47915647958202284 7.594786262162965 0.0
4.00390625 91.95825160897122 0.48097757064221397 7.5607708203865815 0.0
4.0234375 91.98956088064838 0.48283552464341406 7.527603594708216 0.0
4.04296875 92.01999229579285 0.4847298803556488 7.495277823851519 0.0
4.0625 92.04955305041095 0.48666017849468785 7.463786771094377 0.0
4.08203125 92.07825031447607 0.48862596133073594 7.4331237241932095 0.0
4.1015625 92.10609123244988 0.4906267723088833 7.4032819952412385 0.0
4.12109375 92.13308292385516 0.4926621556811019 7.374254920463752 0.0
4.140625 92.15923248389706 0.4947316561495922 7.3460358599533615 0.0
4.16015625 92.18454698413058 0.4968348185213022 7.3186181973481315 0.0
4.1796875 92.20903347317115 0.49897118737345675 7.291995339455411 0.0
4.19921875 92.23269897744595 0.5011403067299509 7.266160715824111 0.0
4.21875 92.25555050198342 0.5033417197484753 7.24110777826811 0.0
4.23828125 92.27759503123835 0.5055749684182566 7.216830000343409 0.0
4.2578125 92.29883952995011 0.5078395932683079 7.193320876781592 0.0
4.27734375 92.3192909440318 0.5101351330860989 7.170573922882103 0.0
4.296875 92.33895620148768 0.5124611246465649 7.148582673865773 0.0
4.31640625 92.35784221335662 0.5148171024513862 7.127340684192011 0.0
4.3359375 92.37595587467953 0.5172025984784822 7.106841526841994 0.0
4.35546875 92.39330406548817 0.5196171419416696 7.087078792570176 0.0
4.375 92.4098936518132 0.5220602590604488 7.068046089126359 0.0
4.39453125 92.42573148670957 0.5245314728398864 7.049737040450562 0.0
4.4140625 92.44082441129657 0.5270303028605738 7.03214528584286 0.0
4.43359375 92.45517925581103 0.5295562650786466 7.015264479110335 0.0
4.453125 92.4688028406709 0.5321088716358574 6.999088287693255 0.0
4.47265625 92.48170197754776 0.5346876306797004 6.983610391772558 0.0
4.4921875 92.49388347044575 0.5372920461935916 6.968824483360666 0.0
4.51171875 92.50535411678523 0.539921617837115 6.954724265377668 0.0
4.53125 92.51612070848883 0.5425758407963455 6.941303450714838 0.0
4.55078125 92.52619003306829 0.5452542056442683 6.928555761287449 0.0
4.5703125 92.53556887470988 0.5479561982113136 6.9164749270788075 0.0
4.58984375 92.54426401535656 0.5506812994660285 6.905054685177419 0.0
4.609375 92.55228223578494 0.5534289854059136 6.894288778809154 0.0
4.62890625 92.5596303166753 0.5561987269584466 6.884170956366272 0.0
4.6484375 92.56631503967256 0.558989989892324 6.874694970435124 0.0
4.66796875 92.57234318843672 0.5618022347389435 6.865854576824351 0.0
4.6875 92.57772154968052 0.5646349167241583 6.857643533595341 0.0
4.70703125 92.58245691419296 0.5674874857103259 6.850055600096725 0.0
4.7265625 92.5865560778467 0.5703593861486773 6.843084536004634 0.0
4.74609375 92.59002584258755 0.5732500570420292 6.83672410037042 0.0
4.765625 92.59287301740457 0.5761589319178586 6.830968050677564 0.0
4.78515625 92.59510441927884 0.5790854388117567 6.825810141909396 0.0
4.8046875 92.59672687410941 0.5820290002612756 6.821244125629306 0.0
4.82421875 92.59774721761477 0.5849890333101768 6.8172637490750425 0.0
4.84375 92.59817229620819 0.5879649495230862 6.8138627542687065 0.0
4.86328125 92.59800896784542 0.590956155010554 6.81103487714401 0.0
4.8828125 92.59726410284313 0.5939620504645153 6.808773846692345 0.0
4.90234375 92.59594458466667 0.5969820312041373 6.8070733841291835 0.0
4.921875 92.59405731068564 0.6000154872320341 6.805927202082308 0.0
4.94140625 92.59160919289583 0.6030618033008253 6.8053290038033305 0.0
4.9609375 92.58860715860602 0.6061203589900026 6.805272482403955 0.0
4.98046875 92.58505815108853 0.6091905287930653 6.805751320118381 0.0
5.0 92.58096913019187 0.6122716822148738 6.806759187593228 0.0
5.01953125 92.57634707291446 0.6153631838791641 6.808289743206354 0.0
5.0390625 92.57119897393797 0.6184643936461557 6.810336632415854 0.0
5.05859375 92.56553184611924 0.6215746667401766 6.812893487140554 0.0
5.078125 92.55935272093953 0.6246933538872195 6.815953925173227 0.0
5.09765625 92.55266864890987 0.6278198014623334 6.81951154962777 0.0
5.1171875 92.54548669993173 0.6309533516467434 6.823559948421504 0.0
5.13671875 92.53781396361164 0.6340933425945823 6.828092693793753 0.0
5.15625 92.52965754952908 0.637239108609107 6.833103341861789 0.0
5.17578125 92.52102458745648 0.6403899803282602 6.838585432215228 0.0
5.1953125 92.51192222753066 0.6435452849194275 6.844532487549874 0.0
5.21484375 92.50235764037473 0.64670434628323 6.850938013342008 0.0
5.234375 92.49233801716974 0.6498664852661786 6.857795497564042 0.0
5.25390625 92.48187056967551 0.6530310198820063 6.865098410442443 0.0
5.2734375 92.47096253019973 0.6561972655414825 6.8728402042587495 0.0
5.29296875 92.45962115151498 0.6593645352905029 6.881014313194483 0.0
5.3125 92.44785370672302 0.6625321400562338 6.889614153220705 0.0
5.33203125 92.43566748906598 0.6656993889010826 6.898633122032899 0.0
5.3515625 92.42306981168389 0.6688655892842489 6.908064599031824 0.0
5.37109375 92.41006800731842 0.6720300473306055 6.917901945350934 0.0
5.390625 92.39666942796242 0.6751920681066408 6.928138503930887 0.0
5.41015625 92.38288144445514 0.6783509559031883 6.938767599641624 0.0
5.4296875 92.36871144602286 0.6815060145246531 6.94978253945244 0.0
5.44921875 92.3541668397651 0.684656547584438 6.961176612650415 0.0
5.46875 92.3392550500862 0.6878018588062591 6.972943091107497 0.0
5.48828125 92.32398351807242 0.690941252331031 6.985075229596498 0.0
5.5078125 92.30835970081479 0.6940740330289915 6.997566266156172 0.0
5.52734375 92.29239107067772 0.6971995068167255 7.01040942250551 0.0
5.546875 92.2760851145139 0.7003169809787395 7.023597904507311 0.0
5.56640625 92.25944933282571 0.7034257644932278 7.037124902681019 0.0
5.5859375 92.24249123887353 0.7065251683616637 7.05098359276477 0.0
5.60546875 92.2252183577316 0.7096145059418403 7.065167136326521 0.0
5.625 92.20763822529193 0.7126930932839781 7.079668681424062 0.0
5.64453125 92.1897583872168 0.7157602494695102 7.094481363313658 0.0
5.6640625 92.17158639784081 0.7188152969521475 7.109598305207002 0.0
5.68359375 92.15312981902305 0.7218575619008213 7.125012619076084 0.0
5.703125 92.13439621895033 0.7248863745440964 7.1407174065055345 0.0
5.72265625 92.11539317089239 0.7279010695156403 7.156705759591924 0.0
5.7421875 92.09612825191019 0.7309009862003312 7.172970761889432 0.0
5.76171875 92.07660904151811 0.7338854690805855 7.189505489401251 0.0
5.78125 92.05684312030145 0.7368538680824793 7.206303011616012 0.0
5.80078125 92.03683806849024 0.7398055389212386 7.223356392588461 0.0
5.8203125 92.01660146449072 0.7427398434456702 7.240658692063554 0.0
5.83984375 91.99614088337577 0.7456561499811061 7.258202966643071 0.0
5.859375 91.97546389533572 0.7485538336704304 7.275982270993805 0.0
5.87890625 91.9545780640909 0.7514322768127637 7.293989659096292 0.0
5.8984375 91.93349094526755 0.7542908691993757 7.312218185533024 0.0
5.91796875 91.91221008473855 0.7571290084464035 7.330660906814999 0.0
5.9375 91.89074301693057 0.7599461003239528 7.3493108827454305 0.0
5.95703125 91.86909726309942 0.7627415590811643 7.368161177819367 0.0
5.9765625 91.8472803295752 0.7655148077668313 7.387204862657922 0.0
5.99609375 91.82529970597902 0.7682652785451614 7.406435015475776 0.0
6.015625 91.80316286341314 0.7709924130062757 7.425844723580544 0.0
6.03515625 91.78087725262634 0.773695662471055 7.445427084902558 0.0
6.0546875 91.75845030215642 0.7763744882899382 7.465175209553596 0.0
6.07421875 91.73588941645168 0.7790283621352957 7.485082221412981 0.0
6.09375 91.71320197397344 0.7816567662870053 7.505141259739513 0.0
6.11328125 91.6903953252815 0.7842591939108656 7.525345480807592 0.0
6.1328125 91.66747679110458 0.7868351493294962 7.5456880595658795 0.0
6.15234375 91.64445366039776 0.7893841482853822 7.566162191316819 0.0
6.171875 91.62133318838895 0.7919057181957317 7.586761093415276 0.0
6.19140625 91.59812259461656 0.7943993983988286 7.607478006984566 0.0
6.2109375 91.57482906096031 0.7968647403915722 7.6283061986480725 0.0
6.23046875 91.55145972966739 0.7993013080579143 7.649238962274655 0.0
6.25 91.52802170137602 0.8017086778879104 7.670269620736031 0.0
6.26953125 91.50452203313857 0.8040864391871216 7.691391527674273 0.0
6.2890625 91.48096773644629 0.806434194276116 7.712598069277563 0.0
6.30859375 91.4573657752578 0.8087515586798337 7.733882666062335 0.0
6.328125 91.43372306403347 0.8110381613065952 7.755238774659905 0.0
6.34765625 91.41004646577771 0.813293644616548 7.77665988960571 0.0
6.3671875 91.38634279009136 0.8155176647793627 7.798139545129248 0.0
6.38671875 91.36261879123614 0.8177098918210085 7.8196713169428165 0.0
6.40625 91.33888116621337 0.8198700097594495 7.841248824027157 0.0
6.42578125 91.31513655285875 0.8219977167291254 7.862865730412102 0.0
6.4453125 91.29139152795554 0.8240927250940951 7.884515746950335 0.0
6.46484375 91.26765260536784 0.8261547615497375 7.906192633082392 0.0
6.484375 91.24392623419602 0.828183567212924 7.9278901985910215 0.0
6.50390625 91.2202187969563 0.8301788977005918 7.949602305343069 0.0
6.5234375 91.19653660778626 0.8321405231966681 7.971322869017036 0.0
6.54296875 91.17288591067815 0.8340682285073071 7.993045860814509 0.0
6.5625 91.14927287774186 0.835961813104426 8.014765309153669 0.0
6.58203125 91.12570360749932 0.8378210911575367 8.036475301343106 0.0
6.6015625 91.10218412321184 0.8396458915538932 8.05816998523423 0.0
6.62109375 91.07872037124244 0.8414360579069866 8.079843570850537 0.0
6.640625 91.05531821945442 0.843191448553439 8.101490331992103 0.0
6.66015625 91.03198345564796 0.8449119365383646 8.123104607813637 0.0
6.6796875 91.00872178603616 0.8465974095892813 8.144680804374516 0.0
6.69921875 90.98553883376204 0.8482477700786712 8.16621339615925 0.0
6.71875 90.96244013745779 0.8498629349753077 8.187696927566854 0.0
6.73828125 90.9394311498478 0.8514428357844778 8.20912601436767 0.0
6.7578125 90.9165172363965 0.8529874184772464 8.230495345126212 0.0
6.77734375 90.89370367400235 0.8544966434089221 8.251799682588683 0.0
6.796875 90.87099564973926 0.8559704852268986 8.273033865033806 0.0
6.81640625 90.84839825964616 0.8574089327680599 8.29419280758574 0.0
6.8359375 90.82591650756618 0.8588119889459488 8.315271503487839 0.0
6.85546875 90.80355530403594 0.8601796706279133 8.336265025336116 0.0
6.875 90.78131946522623 0.8615120085024557 8.35716852627128 0.0
6.89453125 90.75921371193462 0.8628090469370198 8.37797724112833 0.0
6.9140625 90.73724266863081 0.8640708438264664 8.398686487542696 0.0
6.93359375 90.71541086255547 0.8652974704324923 8.419291667012015 0.0
6.953125 90.69372272287306 0.8664890112142618 8.439788265912659 0.0
6.97265625 90.67218257987923 0.8676455636505269 8.460171856470216 0.0
6.9921875 90.65079466426327 0.8687672380535207 8.480438097683178 0.0
7.01171875 90.6295631064259 0.8698541573749177 8.500582736199148 0.0
7.03125 90.60849193585285 0.8709064570041598 8.52060160714295 0.0
7.05078125 90.58758508054443 0.8719242845594559 8.540490634896086 0.0
7.0703125 90.56684636650118 0.8729077996717652 8.56024583382702 0.0
7.08984375 90.54627951726599 0.873857173762084 8.579863308971895 0.0
7.109375 90.52588815352233 0.8747725898123567 8.59933925666527 0.0
7.12890625 90.50567579274902 0.8756542421303367 8.618669965120612 0.0
7.1484375 90.485645848931 0.876502336108728 8.637851814960237 0.0
7.16796875 90.46580163232645 0.8773170879789374 8.65688127969459 0.0
7.1875 90.44614634928953 0.8780987245597729 8.675754926150661 0.0
7.20703125 90.426683102149 0.8788474830014221 8.694469414849543 0.0
7.2265625 90.40741488914185 0.8795636105250481 8.713021500333067 0.0
7.24609375 90.38834460440201 0.8802473641583375 8.731408031439617 0.0
7.265625 90.36947503800342 0.8808990104673384 8.749625951529204 0.0
7.28515625 90.35080887605706 0.8815188252849211 8.767672298657976 0.0
7.3046875 90.33234870086136 0.8821070934361959 8.785544205702402 0.0
7.32421875 90.31409699110534 0.8826641084612197 8.803238900433394 0.0
7.34375 90.29605612212394 0.8831901723353189 8.820753705540696 0.0
7.36328125 90.27822836620467 0.8836855951873552 8.838086038607935 0.0
7.3828125 90.26061589294494 0.8841506950162551 8.855233412038768 0.0
7.40234375 90.24322076965925 0.8845857974061219 8.872193432934596 0.0
7.421875 90.22604496183533 0.8849912352402438 8.888963802924389 0.0
7.44140625 90.20909033363846 0.8853673484143053 8.905542317947194 0.0
7.4609375 90.1923586484629 0.8857144835491059 8.921926867987946 0.0
7.48046875 90.17585156952963 0.8860329937030831 8.938115436767243 0.0
7.5 90.15957066052921 0.8863232380849313 8.954106101385806 0.0
7.51953125 90.143517386309 0.8865855817666012 8.969897031924347 0.0
7.5390625 90.12769311360336 0.8868203953969572 8.985486490999637 0.0
7.55859375 90.11209911180599 0.8870280549163654 9.000872833277597 0.0
7.578125 90.09673655378322 0.8872089412724732 9.016054504944256 0.0
7.59765625 90.08160651672705 0.8873634401374402 9.031030043135456 0.0
7.6171875 90.06670998304685 0.8874919416268651 9.045798075326237 0.0
7.63671875 90.05204784129847 0.8875948400206513 9.060357318680818 0.0
7.65625 90.03762088714973 0.8876725334860425 9.074706579364168 0.0
7.67578125 90.02342982438074 0.8877254238030521 9.088844751816138 0.0
7.6953125 90.00947526591824 0.8877539160925012 9.102770817989196 0.0
7.71484375 89.9957577349023 0.8877584185468733 9.116483846550773 0.0
7.734375 89.98227766578445 0.8877393421641813 9.12998299205131 0.0
7.75390625 89.96903540545586 0.8876971004850381 9.14326749405905 0.0
7.7734375 89.95603121440415 0.8876321093331105 9.156336676262683 0.0
7.79296875 89.94326526789787 0.8875447865591267 9.169189945542945 0.0
7.8125 89.93073765719706 0.8874355517886012 9.18182679101428 0.0
7.83203125 89.9184483907888 0.8873048261734306 9.194246783037705 0.0
7.8515625 89.90639739564645 0.887153032147504 9.20644957220598 0.0
7.87109375 89.8945845185112 0.8869805931864647 9.218434888302276 0.0
7.890625 89.88300952719474 0.8867879335717506 9.230202539233442 0.0
7.91015625 89.87167211190187 0.8865754781590299 9.241752409939037 0.0
7.9296875 89.8605718865715 0.8863436521511441 9.25308446127729 0.0
7.94921875 89.84970839023516 0.8860928808756571 9.26419872888912 0.0
7.96875 89.83908108839145 0.8858235895671045 9.275095322041388 0.0
7.98828125 89.82868937439541 0.8855362031540268 9.285774422450512 0.0
8.0078125 89.81853257086148 0.8852311460508625 9.296236283087609 0.0
8.02734375 89.80860993107889 0.8849088419547692 9.306481226966286 0.0
8.046875 89.79892064043828 0.8845697136474323 9.316509645914227 0.0
8.06640625 89.78946381786832 0.8842141828019151 9.326321999329698 0.0
8.0859375 89.78023851728126 0.8838426697945925 9.335918812924081 0.0
8.10546875 89.77124372902617 0.8834555935222081 9.345300677451558 0.0
8.125 89.76247838134883 0.8830533712240836 9.35446824742702 0.0
8.14453125 89.75394134185713 0.8826364183095027 9.363422239833307 0.0
8.1640625 89.74563141899083 0.8822051481902882 9.37216343281883 0.0
8.18359375 89.73754736349473 0.8817599721185798 9.380692664386642 0.0
8.203125 89.72968786989414 0.8813012990298166 9.38901083107599 0.0
8.22265625 89.72205157797164 0.8808295353909211 9.397118886637383 0.0
8.2421875 89.7146370742441 0.8803450850536767 9.40501784070217 0.0
8.26171875 89.70744289343904 0.8798483491132826 9.412708757447625 0.0
8.28125 89.70046751996937 0.8793397257720669 9.420192754258515 0.0
8.30078125 89.69370938940553 0.8788196102083321 9.427471000386092 0.0
8.3203125 89.68716688994421 0.8782883944503026 9.43454471560544 0.0
8.33984375 89.6808383638727 0.8777464672551377 9.441415168872116 0.0
8.359375 89.67472210902804 0.8771942139929724 9.44808367697893 0.0
8.37890625 89.66881638025022 0.8766320165359379 9.454551603213789 0.0
8.3984375 89.66311939082844 0.8760602531521173 9.460820356019395 0.0
8.41796875 89.65762931393989 0.8754792984043803 9.46689138765568 0.0
8.4375 89.65234428408017 0.8748895230540424 9.472766192865743 0.0
8.45703125 89.64726239848459 0.8742912939692885 9.478446307546083 0.0
8.4765625 89.64238171853977 0.873684974038297 9.483933307421891 0.0
8.49609375 89.63770027118481 0.8730709220869991 9.489228806728141 0.0
8.515625 89.63321605030139 0.872449492801403 9.494334456897166 0.0
8.53515625 89.6289270180921 0.8718210366544125 9.499251945253448 0.0
8.5546875 89.62483110644665 0.8711858998370636 9.503982993716253 0.0
8.57421875 89.62092621829508 0.8705444241941056 9.508529357510774 0.0
8.59375 89.61721022894773 0.8698969471638441 9.51289282388839 0.0
8.61328125 89.61368098742115 0.8692438017221692 9.517075210856643 0.0
8.6328125 89.61033631774977 0.8685853163306834 9.521078365919506 0.0
8.65234375 89.60717402028264 0.8679218148888476 9.524904164828474 0.0
8.671875 89.60419187296488 0.8672536166900587 9.528554510345032 0.0
8.69140625 89.60138763260342 0.8665810363815734 9.532031331014974 0.0
8.7109375 89.5987590361167 0.865904383928189 9.535336579955068 0.0
8.73046875 89.59630380176783 0.8652239645795962 9.538472233652525 0.0
8.75 89.59401963038094 0.8645400788413108 9.541440290777695 0.0
8.76953125 89.59190420654045 0.8638530224490986 9.5442427710104 0.0
8.7890625 89.58995519977283 0.863163086346801 9.546881713880317 0.0
8.80859375 89.58817026571072 0.8624705566674721 9.549359177621756 0.0
8.828125 89.58654704723902 0.8617757147177368 9.55167723804318 0.0
8.84765625 89.58508317562286 0.8610788369652799 9.5538379874118 0.0
8.8671875 89.583776271617 0.860380195029374 9.55584353335356 0.0
8.88671875 89.58262394655681 0.8596800556743598 9.557695997768764 0.0
8.90625 89.5816238034303 0.8589786808059848 9.559397515763647 0.0
8.92578125 89.58077343793131 0.8582763274705142 9.560950234598103 0.0
8.9453125 89.5800704394936 0.8575732478565237 9.562356312649811 0.0
8.96484375 89.57951239230567 0.8568696892992861 9.563617918394964 0.0
8.984375 89.57909687630647 0.8561658942876653 9.564737229405788 0.0
9.00390625 89.57882146816148 0.8554621004734292 9.565716431365006 0.0
9.0234375 89.5786837422196 0.8547585406828971 9.566557717097428 0.0
9.04296875 89.57868127145032 0.8540554429308366 9.56726328561877 0.0
9.0625 89.57881162836156 0.853353030436525 9.567835341201842 0.0
9.08203125 89.57907238589785 0.8526515216418942 9.568276092460197 0.0
9.1015625 89.57946111831893 0.8519511302316752 9.568587751449323 0.0
9.12109375 89.579975402059 0.8512520651554647 9.56877253278546 0.0
9.140625 89.58061281656622 0.8505545306516309 9.568832652782076 0.0
9.16015625 89.58137094512286 0.8498587262729841 9.56877032860408 0.0
9.1796875 89.58224737564605 0.849164846914133 9.56858777743974 0.0
9.19921875 89.58323970146908 0.8484730828404524 9.568287215690384 0.0
9.21875 89.5843455221035 0.8477836197185895 9.567870858177832 0.0
9.23828125 89.58556244398193 0.8470966386484334 9.56734091736957 0.0
9.2578125 89.58688808118181 0.8464123161964804 9.566699602621645 0.0
9.27734375 89.5883200561302 0.8457308244305229 9.565949119439216 0.0
9.296875 89.5898560002896 0.8450523309555961 9.565091668754745 0.0
9.31640625 89.59149355482508 0.8443769989511133 9.564129446223747 0.0
9.3359375 89.59323037125277 0.8437049872091283 9.563064641538041 0.0
9.35546875 89.59506411206988 0.843036450173659 9.561899437756402 0.0
9.375 89.59699245136638 0.8423715379810104 9.560636010652553 0.0
9.39453125 89.59901307541853 0.8417103965010385 9.55927652808037 0.0
9.4140625 89.60112368326443 0.8410531673792954 9.557823149356206 0.0
9.43359375 89.60332198726171 0.8403999880799974 9.556278024658225 0.0
9.453125 89.60560571362758 0.8397509919297627 9.55464329444259 0.0
9.47265625 89.60797260296145 0.8391063081620626 9.552921088876415 0.0
9.4921875 89.6104204107503 0.8384660619623354 9.551113527287306 0.0
9.51171875 89.61294690785685 0.8378303745137108 9.549222717629366 0.0
9.53125 89.61554988099113 0.8371993630432958 9.547250755965502 0.0
9.55078125 89.61822713316508 0.8365731408689752 9.54519972596587 0.0
9.5703125 89.62097648413094 0.835951817446678 9.543071698422315 0.0
9.58984375 89.62379577080326 0.835335498418068 9.540868730778604 0.0
9.609375 89.62668284766501 0.8347242856586117 9.538592866676305 0.0
9.62890625 89.62963558715782 0.8341182773259848 9.536246135516116 0.0
9.6484375 89.63265188005668 0.8335175679087742 9.53383055203446 0.0
9.66796875 89.6357296358293 0.8329222482754383 9.531348115895177 0.0
9.6875 89.63886678298036 0.8323324057234868 9.528800811296083 0.0
9.70703125 89.64206126938085 0.8317481240288439 9.526190606590243 0.0
9.7265625 89.64531106258285 0.8311694834953605 9.523519453921727 0.0
9.74609375 89.64861415011983 0.8305965610044409 9.520789288875669 0.0
9.765625 89.65196853979279 0.8300294300647527 9.518002030142396 0.0
9.78515625 89.65537225994248 0.8294681608619879 9.515159579195466 0.0
9.8046875 89.65882335970794 0.8289128203086462 9.512263819983355 0.0
9.82421875 89.6623199092715 0.8283634720938111 9.509316618634621 0.0
9.84375 89.66586000009073 0.8278201767328931 9.506319823176314 0.0
9.86328125 89.6694417451172 0.8272829916173119 9.503275263265422 0.0
9.8828125 89.6730632790027 0.8267519710640937 9.500184749933139 0.0
9.90234375 89.67672275829284 0.82622716636536 9.497050075341734 0.0
9.921875 89.68041836160842 0.825708625837684 9.493873012553827 0.0
9.94140625 89.68414828981481 0.8251963948712947 9.490655315313814 0.0
9.9609375 89.68791076617954 0.8246905159791059 9.48739871784127 0.0
9.98046875 89.6917040365183 0.8241910288455524 9.484104934636065 0.0
10.0 89.69552636932968 0.8236979703752134 9.480775660295029 0.0
10.01953125 89.69937605591882 0.8232113747412068 9.477412569339897 0.0
10.0390625 89.70325141051023 0.8227312734333357 9.474017316056356 0.0
10.05859375 89.70715077035 0.8222576953059745 9.470591534343951 0.0
10.078125 89.7110724957976 0.821790666625675 9.467136837576652 0.0
10.09765625 89.71501497040758 0.8213302111184837 9.463654818473861 0.0
10.1171875 89.71897660100133 0.8208763500169528 9.460147048981645 0.0
10.13671875 89.72295581772912 0.8204291021068352 9.456615080163978 0.0
10.15625 89.7269510741227 0.8199884837734496 9.453060442103789 0.0
10.17578125 89.73096084713862 0.8195545090477077 9.449484643813602 0.0
10.1953125 89.73498363719258 0.8191271896517898 9.445889173155553 0.0
10.21484375 89.73901796818487 0.8187065350444628 9.442275496770593 0.0
10.234375 89.74306238751724 0.8182925524660288 9.438645060016647 0.0
10.25390625 89.74711546610146 0.8178852469828989 9.43499928691555 0.0
10.2734375 89.75117579835958 0.8174846215317817 9.43133958010854 0.0
10.29296875 89.7552420022163 0.817090676963483 9.42766732082012 0.0
10.3125 89.75931271908352 0.8167034120863074 9.423983868830076 0.0
10.33203125 89.76338661383738 0.8163228237090572 9.420290562453472 0.0
10.3515625 89.76746237478787 0.8159489066836247 9.416588718528418 0.0
10.37109375 89.77153871364132 0.8155816539471704 9.412879632411414 0.0
10.390625 89.77561436545592 0.8152210565638851 9.409164577980096 0.0
10.41015625 89.77968808859039 0.8148671037663318 9.405444807643176 0.0
10.4296875 89.78375866464613 0.8145197829963632 9.401721552357413 0.0
10.44921875 89.78782489840289 0.814179079945613 9.397996021651409 0.0
10.46875 89.79188561774829 0.8138449785955578 9.394269403656066 0.0
10.48828125 89.79593967360124 0.8135174612571481 9.39054286514153 0.0
10.5078125 89.7999859398295 0.8131965086100064 9.386817551560414 0.0
10.52734375 89.80402331316155 0.8128820997411914 9.383094587097172 0.0
10.546875 89.80805071309297 0.8125742121835271 9.37937507472342 0.0
10.56640625 89.81206708178738 0.8122728219534961 9.375660096259045 0.0
10.5859375 89.81607138397227 0.8119779035886971 9.371950712438945 0.0
10.60546875 89.82006260682982 0.8116894301848665 9.368247962985222 0.0
10.625 89.82403975988277 0.8114073734324635 9.36455286668468 0.0
10.64453125 89.82800187487562 0.8111317036528212 9.360866421471458 0.0
10.6640625 89.83194800565138 0.8108623898338618 9.357189604514659 0.0
10.68359375 89.83587722802372 0.8105993996653795 9.353523372310802 0.0
10.703125 89.83978863964505 0.8103426995738902 9.349868660780963 0.0
10.72265625 89.8436813598704 0.81009225475705 9.346226385372448 0.0
10.7421875 89.8475545296174 0.8098480292176463 9.342597441164855 0.0
10.76171875 89.85140731122236 0.8096099857971586 9.338982702980385 0.0
10.78125 89.85523888829276 0.8093780862088957 9.335383025498254 0.0
10.80078125 89.85904846555611 0.8091522910707089 9.331799243373085 0.0
10.8203125 89.86283526870551 0.8089325599372831 9.328232171357117 0.0
10.83984375 89.86659854424177 0.8087188513320106 9.324682604426128 0.0
10.859375 89.87033755931253 0.808511122778447 9.321151317908923 0.0
10.87890625 89.87405160154827 0.808309330831354 9.317639067620267 0.0
10.8984375 89.87773997889543 0.8081134311073316 9.314146589997131 0.0
10.91796875 89.88140201944671 0.8079233783150409 9.310674602238139 0.0
10.9375 89.88503707126878 0.807739126285023 9.307223802446083 0.0
10.95703125 89.88864450222738 0.807560627999114 9.303794869773398 0.0
10.9765625 89.89222369980995 0.8073878356194623 9.300388464570478 0.0
10.99609375 89.89577407094603 0.8072207005171483 9.297005228536712 0.0
11.015625 89.89929504182534 0.8070591733004123 9.293645784874142 0.0
11.03515625 89.90278605771377 0.8069032038424914 9.290310738443631 0.0
11.0546875 89.9062465827674 0.8067527413090706 9.287000675923421 0.0
11.07421875 89.90967609984455 0.8066077341853507 9.283716165969997 0.0
11.09375 89.91307411031602 0.8064681303027356 9.280457759381136 0.0
11.11328125 89.91644013387369 0.8063338768651435 9.277225989261058 0.0
11.1328125 89.91977370833737 0.8062049204749446 9.274021371187569 0.0
11.15234375 89.92307438946025 0.8060812071585292 9.270844403381105 0.0
11.171875 89.9263417507328 0.8059626823915083 9.267695566875577 0.0
11.19140625 89.9295753831854 0.8058492911235523 9.264575325690947 0.0
11.2109375 89.93277489518962 0.8057409778028691 9.261484127007405 0.0
11.23046875 89.93593991225846 0.805637686400326 9.258422401341107 0.0
11.25 89.93907007684533 0.8055393604332179 9.255390562721352 0.0
11.26953125 89.94216504814209 0.8054459429886873 9.252389008869129 0.0
11.2890625 89.94522450187615 0.8053573767467956 9.249418121376948 0.0
11.30859375 89.94824813010676 0.8052736040032535 9.246478265889886 0.0
