0.0 95.0 5.0 0.0 0.0
0.3125 82.90737354189939 4.749279385499297 12.343347072601318 0.0
0.625 76.9741080595923 3.4058210030304696 19.620070937377232 0.0
0.9375 75.6875508735052 2.207287447747589 22.105161678747212 0.0
1.25 76.91264152977682 1.4365682126637003 21.65079025755948 0.0
1.5625 79.18699552798579 0.9892316361529065 19.823772835861305 0.0
1.875 81.71387662973088 0.7347502782065676 17.55137309206255 0.0
2.1875 84.11311810785854 0.589505767709579 15.297376124431871 0.0
2.5 86.2258644509815 0.5074979328986199 13.266637616119862 0.0
2.8125 88.002198490583 0.46421280570683643 11.533588703710153 0.0
3.125 89.44289791090041 0.44644830291584153 10.110653786183736 0.0
3.4375 90.57039151570318 0.4468880886914631 8.98272039560535 0.0
3.75 91.4146979146423 0.46127538308845495 8.124026702269232 0.0
4.0625 92.00705043655664 0.4868900635339237 7.506059499909431 0.0
4.375 92.37752355176514 0.5216752495487544 7.100801198686107 0.0
4.6875 92.55474246162183 0.5637078947413596 6.881549643636805 0.0
5.0 92.56658998199875 0.6108856624787024 6.822524355522545 0.0
5.3125 92.44120152011556 0.6607902160449036 6.898008263839533 0.0
5.625 92.20771983120834 0.7107206824907104 7.081559486300951 0.0
5.9375 91.89642331053558 0.7578850369684882 7.345691652495932 0.0
6.25 91.5380334436443 0.7997043664639976 7.662262189891715 0.0
6.5625 91.16226324590367 0.8341467034404308 8.003590050655905 0.0
6.875 90.79592768613932 0.8599899266949714 8.344082387165711 0.0
7.1875 90.46109757675048 0.876934272630779 8.661968150618746 0.0
7.5 90.17376657508323 0.8855386189124916 8.940694806004267 0.0
7.8125 89.94332552944833 0.8870146801925931 9.169659790359065 0.0
8.125 89.77288683850554 0.8829511195409233 9.344162041953526 0.0
8.4375 89.66028307216963 0.8750431052230578 9.4646738226073 0.0
8.75 89.59944889443102 0.8648798932656703 9.5356712123033 0.0
9.0625 89.58189119469407 0.8538112681328516 9.564297537173069 0.0
9.375 89.59802266713801 0.8428879428167104 9.55908939004526 0.0
9.6875 89.63823058571522 0.832857372277791 9.52891204200697 0.0
10.0 89.69363899481077 0.824193572758854 9.482167432430353 0.0
10.3125 89.75658217030286 0.8171430455702268 9.426274784126882 0.0
10.625 89.82083862279937 0.811774594540101 9.367386782660498 0.0
10.9375 89.88168468659673 0.8080261142815022 9.310289199121735 0.0
11.25 89.93582332976973 0.8057452670547962 9.258431403175438 0.0
11.5625 89.98123432510963 0.8047232825743289 9.214042392316019 0.0
11.875 90.01698103471104 0.8047222535904266 9.178296711698502 0.0
12.1875 90.04299928285108 0.80549669008585 9.151504027063034 0.0
12.5 90.05988605908549 0.8068100959504914 9.133303844963997 0.0
12.8125 90.06870012146796 0.8084471911023753 9.12285268742964 0.0
13.125 90.07078254451274 0.8102222620843266 9.118995193402903 0.0
13.4375 90.06760235612744 0.8119840482963366 9.120413595576194 0.0
13.75 90.06063018245437 0.81361756851054 9.125752249035047 0.0
14.0625 90.05124096845802 0.815043341457496 9.133715690084449 0.0
14.375 90.040645220685 0.8162145209936531 9.143140258321313 0.0
14.6875 90.02984680501241 0.8171125180793926 9.153040676908153 0.0
15.0 90.01962417509505 0.8177416960859148 9.162634128819002 0.0
15.3125 90.01053107405129 0.8181236939659624 9.171345231982714 0.0
15.625 90.00291228954767 0.8182918573289705 9.17879585312332 0.0
15.9375 89.99692995616498 0.8182861529540385 9.184783890880944 0.0
16.25 89.99259614940695 0.818148824066754 9.189255026526249 0.0
16.5625 89.98980802887989 0.8179209275090685 9.192271043610994 0.0
16.875 89.98838247169662 0.8176397918855836 9.193977736417741 0.0
17.1875 89.9880878973584 0.8173373551729646 9.194574747468586 0.0
17.5 89.98867174047427 0.8170392837314201 9.194288975794255 0.0
17.8125 89.98988271565871 0.8167647410814189 9.193352543259827 0.0
18.125 89.99148759999326 0.8165266608022566 9.191985739204439 0.0
18.4375 89.99328271338047 0.816332379011223 9.190384907608276 0.0
18.75 89.99510060345096 0.8161844935372371 9.188714903011759 0.0
19.0625 89.99681264871097 0.8160818350558566 9.187105516233137 0.0
19.375 89.99832839779758 0.8160204568240962 9.185651145378284 0.0
19.6875 89.99959248385295 0.8159945717861944 9.184412944360814 0.0
20.0 90.00057991149771 0.8159973869961212 9.183422701506128 0.0
