0.0 95.0 5.0 0.0 0.0
0.0006103515625 94.97101501421116 5.001521687313118 0.027463298475723614 0.0
0.001220703125 94.94204348688427 5.0030349888936145 0.05492152422211888 0.0
0.0018310546875 94.9130854653794 5.0045399009684575 0.08237463365214963 0.0
0.00244140625 94.88414099699433 5.006036419826165 0.10982258317950541 0.0
0.0030517578125 94.85521012896426 5.007524541816808 0.1372653292189392 0.0
0.003662109375 94.8262929084614 5.0090042633520095 0.16470282818660487 0.0
0.0042724609375 94.79738938259467 5.010475580904942 0.19213503650039462 0.0
0.0048828125 94.7684995984094 5.011938491010332 0.21956191058027608 0.0
0.0054931640625 94.73962360288694 5.0133929902644505 0.24698340684862932 0.0
0.006103515625 94.71076144294432 5.014839075325115 0.2743994817305837 0.0
0.0067138671875 94.68191316543398 5.0162767429116855 0.3018100916543545 0.0
0.00732421875 94.6530788171434 5.017705989805054 0.3292151930515795 0.0
0.0079345703125 94.62425844479473 5.019126812847645 0.35661474235765483 0.0
0.008544921875 94.59545209504456 5.020539208943403 0.3840086960120716 0.0
0.0091552734375 94.5666598144835 5.02194317505779 0.4113970104587513 0.0
0.009765625 94.53788164963589 5.02333870821777 0.43877964214638165 0.0
0.0103759765625 94.50911764695948 5.024725805511804 0.4661565475287519 0.0
0.010986328125 94.4803678528451 5.02610446408984 0.4935276830650882 0.0
0.0115966796875 94.45163231361634 5.027474681163296 0.5208930052203884 0.0
0.01220703125 94.42291107552921 5.028836454005054 0.5482524704657569 0.0
0.0128173828125 94.39420418477185 5.030189779949441 0.5756060352787391 0.0
0.013427734375 94.36551168746416 5.031534656392217 0.6029536561436559 0.0
0.0140380859375 94.33683362965753 5.032871080790558 0.6302952895519375 0.0
0.0146484375 94.30817005733452 5.034199050663044 0.657630892002457 0.0
0.0152587890625 94.27952101640852 5.035518563589634 0.6849604200018643 0.0
0.015869140625 94.25088655272344 5.036829617211657 0.7122838300649192 0.0
0.0164794921875 94.22226671205341 5.038132209231785 0.7396010787148245 0.0
0.01708984375 94.19366154010244 5.0394263374140165 0.7669121224835584 0.0
0.0177001953125 94.16507108250416 5.040711999583656 0.7942169179122074 0.0
0.018310546875 94.13649538482143 5.041989193627291 0.8215154215512981 0.0
0.0189208984375 94.10793449254612 5.043257917492769 0.8488075899611293 0.0
0.01953125 94.07938845109874 5.044518169189176 0.8760933797121035 0.0
0.0201416015625 94.05085730582815 5.045769946786805 0.9033727473850584 0.0
0.020751953125 94.02234110201127 5.047013248417143 0.9306456495715973 0.0
0.0213623046875 93.99383988485276 5.04824807227283 0.9579120428744209 0.0
0.02197265625 93.96535369948471 5.049474416607642 0.9851718839076564 0.0
0.0225830078125 93.93688259096636 5.0506922797364595 1.0124251292971884 0.0
0.023193359375 93.90842660428379 5.051901660035238 1.0396717356809888 0.0
0.0238037109375 93.8799857843496 5.053102555940977 1.0669116597094452 0.0
0.0244140625 93.85156017600264 5.05429496595169 1.0941448580456914 0.0
0.0250244140625 93.82314982400771 5.055478888626373 1.1213712873659347 0.0
0.025634765625 93.79475477305526 5.056654322584972 1.148590904359786 0.0
0.0262451171875 93.76637506776109 5.0578212665083475 1.175803665730586 0.0
0.02685546875 93.73801075266604 5.058979719138241 1.2030095281957345 0.0
0.0274658203125 93.70966187223576 5.06012967927724 1.2302084484870173 0.0
0.028076171875 93.68132847086034 5.06127114578874 1.2574003833509326 0.0
0.0286865234375 93.65301059285409 5.062404117596909 1.2845852895490186 0.0
0.029296875 93.62470828245519 5.063528593686649 1.3117631238581793 0.0
0.0299072265625 93.59642158382545 5.064644573103556 1.3389338430710105 0.0
0.030517578125 93.56815054105 5.0657520549538795 1.3660974039961256 0.0
0.0311279296875 93.53989519813705 5.066851038404484 1.39325376345848 0.0
0.03173828125 93.5116555990175 5.067941522682806 1.4204028782996971 0.0
0.0323486328125 93.4834317875448 5.0690235070768095 1.4475447053783916 0.0
0.032958984375 93.45522380749456 5.070096990934946 1.4746792015704941 0.0
0.0335693359375 93.42703170256432 5.071161973666109 1.5018063237695745 0.0
0.0341796875 93.39885551637326 5.072218454739586 1.5289260288871651 0.0
0.0347900390625 93.37069529246192 5.073266433685016 1.556038273853084 0.0
0.035400390625 93.34255107429192 5.074305910092342 1.5831430156157564 0.0
0.0360107421875 93.31442290524572 5.07533688361176 1.6102402111425378 0.0
0.03662109375 93.28631082862631 5.076359353953674 1.6373298174200344 0.0
0.0372314453125 93.25821488765695 5.077373320888646 1.6644117914544247 0.0
0.037841796875 93.2301351254809 5.0783787842473425 1.6914860902717808 0.0
0.0384521484375 93.20207158516115 5.079375743920486 1.7185526709183874 0.0
0.0390625 93.17402430968016 5.080364199858802 1.7456114904610625 0.0
0.0396728515625 93.14599334193959 5.081344152072966 1.7726625059874763 0.0
0.040283203125 93.11797872476001 5.082315600633551 1.7997056746064708 0.0
0.0408935546875 93.08998050088069 5.08327854567097 1.8267409534483774 0.0
0.04150390625 93.06199871295928 5.084232987375421 1.8537682996653353 0.0
0.0421142578125 93.0340334035716 5.085178925996834 1.8807876704316089 0.0
0.042724609375 93.00608461521132 5.086116361844809 1.907799022943905 0.0
0.0433349609375 92.97815239028978 5.087045295288561 1.9348023144216897 0.0
0.0439453125 92.95023677113566 5.087965726756862 1.9617975021075036 0.0
0.0445556640625 92.92233779999478 5.088877656737976 1.9887845432672784 0.0
0.045166015625 92.89445551902978 5.089781085779603 2.0157633951906515 0.0
0.0457763671875 92.86658997031994 5.0906760144888175 2.042734015191281 0.0
0.04638671875 92.83874119586088 5.091562443532003 2.0696963606071597 0.0
0.0469970703125 92.81090923756432 5.092440373634792 2.0966503888009282 0.0
0.047607421875 92.78309413725785 5.093309805582002 2.1235960571601895 0.0
0.0482177734375 92.75529593668465 5.094170740217567 2.1505333230978203 0.0
0.048828125 92.72751467750328 5.095023178444478 2.1774621440522837 0.0
0.0494384765625 92.69975040128739 5.09586712122471 2.2043824774879406 0.0
0.050048828125 92.67200314952552 5.096702569579161 2.2312942808953617 0.0
0.0506591796875 92.64427296362084 5.0975295245875785 2.258197511791637 0.0
0.05126953125 92.61655988489088 5.098347987388493 2.285092127720686 0.0
0.0518798828125 92.58886395456733 5.099157959179151 2.311978086253568 0.0
0.052490234375 92.56118521379582 5.09995944121544 2.338855344988791 0.0
0.0531005859375 92.53352370363561 5.100752434811821 2.3657238615526186 0.0
0.0537109375 92.50587946505942 5.101536941341252 2.3925835935993796 0.0
0.0543212890625 92.47825253895316 5.10231296223512 2.4194344988117753 0.0
0.054931640625 92.45064296611571 5.103080498983165 2.4462765349011857 0.0
0.0555419921875 92.42305078725867 5.1038395531334055 2.4731096596079762 0.0
0.05615234375 92.39547604300618 5.104590126292063 2.4999338307018024 0.0
0.0567626953125 92.36791877389464 5.105332220123487 2.5267490059819164 0.0
0.057373046875 92.3403790203725 5.106065836350078 2.5535551432774706 0.0
0.0579833984375 92.31285682280001 5.10679097675221 2.5803522004478223 0.0
0.05859375 92.28535222144906 5.10750764316815 2.6071401353828363 0.0
0.0592041015625 92.25786525650288 5.108215837493982 2.633918906003189 0.0
0.059814453125 92.23039596805586 5.108915561683526 2.660688470260669 0.0
0.0604248046875 92.20294439611332 5.109606817748255 2.68744878613848 0.0
0.06103515625 92.1755105805913 5.110289607757219 2.714199811651542 0.0
0.0616455078125 92.14809456131631 5.110963933836955 2.74094150484679 0.0
0.062255859375 92.12069637802517 5.111629798171412 2.767673823803477 0.0
0.0628662109375 92.09331607036474 5.112287203001863 2.7943967266334693 0.0
0.0634765625 92.0659536778917 5.112936150626819 2.821110171481549 0.0
0.0640869140625 92.0386092400724 5.113576643401948 2.84781411652571 0.0
0.064697265625 92.01128279628261 5.114208683739985 2.8745085199774554 0.0
0.0653076171875 91.98397438580731 5.11483227411065 2.901193340082094 0.0
0.06591796875 91.95668404784047 5.115447417040554 2.9278685351190394 0.0
0.0665283203125 91.92941182148485 5.1160541151131165 2.954534063402101 0.0
0.067138671875 91.90215774575181 5.116652370968475 2.9811898832797827 0.0
0.0677490234375 91.8749218595611 5.117242187303392 3.007835953135575 0.0
0.068359375 91.84770420174064 5.117823566871171 3.03447223138825 0.0
0.0689697265625 91.82050481102635 5.118396512481557 3.0610986764921537 0.0
0.069580078125 91.79332372606191 5.118961027000654 3.0877152469374987 0.0
0.0701904296875 91.76616098539859 5.119517113350823 3.1143219012506553 0.0
0.07080078125 91.73901662749502 5.120064774510596 3.140918597994444 0.0
0.0714111328125 91.71189069071706 5.120604013514578 3.1675052957684233 0.0
0.072021484375 91.68478321333752 5.121134833453354 3.194081953209183 0.0
0.0726318359375 91.65769423353603 5.121657237473392 3.22064852899063 0.0
0.0732421875 91.63062378939883 5.122171228776947 3.247204981824279 0.0
0.0738525390625 91.60357191891855 5.122676810621967 3.273751270459539 0.0
0.074462890625 91.57653865999406 5.12317398632199 3.3002873536840007 0.0
0.0750732421875 91.54952405043028 5.12366275924605 3.3268131903237226 0.0
0.07568359375 91.52252812793796 5.124143132818579 3.353328739243518 0.0
0.0762939453125 91.49555093013352 5.124615110519302 3.379833959347238 0.0
0.076904296875 91.46859249453887 5.125078695883139 3.406328809578058 0.0
0.0775146484375 91.4416528585812 5.1255338925001075 3.43281324891876 0.0
0.078125 91.41473205959284 5.125980704015216 3.4592872363920155 0.0
0.0787353515625 91.38783013481104 5.126419134128363 3.485750731060668 0.0
0.079345703125 91.36094712137782 5.126849186594235 3.512203692028015 0.0
0.0799560546875 91.33408305633978 5.127270865222202 3.538646078438088 0.0
0.08056640625 91.30723797664793 5.127684173876211 3.565077849475934 0.0
0.0811767578125 91.28041191915749 5.128089116474684 3.591498964367894 0.0
0.081787109375 91.25360492062777 5.1284856969904125 3.617909382381881 0.0
0.0823974609375 91.22681701772196 5.128873919450447 3.6443090628276593 0.0
0.0830078125 91.20004824700695 5.129253787935993 3.670697965057121 0.0
0.0836181640625 91.17329864495319 5.129625306582303 3.697076048464563 0.0
0.084228515625 91.14656824793452 5.129988479578568 3.723443272486963 0.0
0.0848388671875 91.119857092228 5.130343311167806 3.749799596604253 0.0
0.08544921875 91.09316521401371 5.130689805646756 3.776144980339596 0.0
0.0860595703125 91.06649264937464 5.131027967365766 3.802479383259658 0.0
0.086669921875 91.0398394342965 5.13135780072868 3.8288027649748817 0.0
0.0872802734375 91.01320560466758 5.131679310192731 3.855115085139757 0.0
0.087890625 90.98659119627854 5.131992500268424 3.8814163034530953 0.0
0.0885009765625 90.95999624482234 5.1322973755194266 3.9077063796582974 0.0
0.089111328125 90.93342078589399 5.132593940562451 3.933985273543625 0.0
0.0897216796875 90.90686485499045 5.132882200067146 3.9602529449424684 0.0
0.09033203125 90.88032848751047 5.133162158755978 3.986509353733617 0.0
0.0909423828125 90.85381171875443 5.133433821404115 4.012754459841524 0.0
0.091552734375 90.82731458392418 5.133697192839313 4.038988223236577 0.0
0.0921630859375 90.80083711812291 5.133952277941801 4.065210603935358 0.0
0.0927734375 90.774379356355 5.134199081644158 4.091421562000917 0.0
0.0933837890625 90.74794133352584 5.134437608931201 4.1176210575430305 0.0
0.093994140625 90.72152308444174 5.134667864839861 4.143809050718465 0.0
0.0946044921875 90.69512464380975 5.134889854459073 4.169985501731244 0.0
0.09521484375 90.66874604623752 5.135103582929643 4.196150370832906 0.0
0.0958251953125 90.64238732623315 5.135309055444141 4.22230361832277 0.0
0.096435546875 90.61604851820509 5.1355062772467726 4.248445204548193 0.0
0.0970458984375 90.58972965646197 5.135695253633259 4.27457508990483 0.0
0.09765625 90.56343077521245 5.135875989950718 4.300693234836894 0.0
0.0982666015625 90.53715190856512 5.136048491597537 4.326799599837414 0.0
0.098876953125 90.51089309052833 5.136212764023251 4.352894145448492 0.0
0.0994873046875 90.48465435501008 5.136368812728425 4.378976832261562 0.0
0.10009765625 90.4584357358179 5.136516643264519 4.40504762091764 0.0
0.1007080078125 90.4322372666587 5.136656261233774 4.431106472107586 0.0
0.101318359375 90.40605898113863 5.136787672289078 4.457153346572353 0.0
0.1019287109375 90.37990091276296 5.136910882133846 4.483188205103243 0.0
0.1025390625 90.353763094936 5.137025896521892 4.509211008542159 0.0
0.1031494140625 90.32764556096089 5.1371327212572995 4.535221717781855 0.0
0.103759765625 90.30154834403956 5.137231362194298 4.561220293766191 0.0
0.1043701171875 90.27547147727253 5.137321825237133 4.587206697490379 0.0
0.10498046875 90.24941499365887 5.137404116339934 4.613180890001234 0.0
0.1055908203125 90.22337892609603 5.137478241506593 4.639142832397422 0.0
0.106201171875 90.19736330737972 5.137544206790629 4.665092485829708 0.0
0.1068115234375 90.17136817020379 5.13760201829506 4.691029811501202 0.0
0.107421875 90.14539354716018 5.13765168217227 4.7169547706676065 0.0
0.1080322265625 90.11943947073871 5.137693204623881 4.74286732463746 0.0
0.108642578125 90.09350597332705 5.13772659190062 4.768767434772383 0.0
0.1092529296875 90.06759308721055 5.137751850302187 4.794655062487317 0.0
0.10986328125 90.04170084457216 5.13776898617712 4.820530169250774 0.0
0.1104736328125 90.01582927749232 5.137778005922666 4.846392716585073 0.0
0.111083984375 89.98997841794883 5.137778915984644 4.872242666066581 0.0
0.1116943359375 89.96414829781679 5.13777172285731 4.898079979325957 0.0
0.1123046875 89.93833894886845 5.1377564330832275 4.923904618048386 0.0
0.1129150390625 89.91255040277312 5.137733053253125 4.949716543973821 0.0
0.113525390625 89.88678269109708 5.137701590005768 4.97551571889722 0.0
0.1141357421875 89.86103584530348 5.137662050027815 5.001302104668779 0.0
0.11474609375 89.83530989675221 5.137614440053688 5.027075663194174 0.0
0.1153564453125 89.80960487669985 5.13755876686543 5.05283635643479 0.0
0.115966796875 89.78392081629954 5.13749503729257 5.078584146407958 0.0
0.1165771484375 89.7582577466009 5.137423258211985 5.104318995187186 0.0
0.1171875 89.73261569854992 5.137343436547761 5.130040864902395 0.0
0.1177978515625 89.70699470298888 5.137255579271053 5.155749717740147 0.0
0.118408203125 89.68139479065626 5.137159693399948 5.181445515943874 0.0
0.1190185546875 89.65581599218665 5.137055785999321 5.207128221814115 0.0
0.11962890625 89.63025833811065 5.136943864180701 5.232797797708733 0.0
0.1202392578125 89.6047218588548 5.136823935102123 5.258454206043156 0.0
0.120849609375 89.5792065847415 5.136696005967993 5.284097409290594 0.0
0.1214599609375 89.55371254598887 5.136560084028941 5.309727369982269 0.0
0.1220703125 89.52823977271076 5.136416176581685 5.33534405070764 0.0
0.1226806640625 89.50278829491658 5.136264290968882 5.360947414114626 0.0
0.123291015625 89.47735814251128 5.1361044345789875 5.38653742290983 0.0
0.1239013671875 89.45194934529522 5.135936614846116 5.412114039858765 0.0
0.12451171875 89.42656193296413 5.135760839249892 5.437677227786068 0.0
0.1251220703125 89.40119593510906 5.135577115315307 5.463226949575728 0.0
0.125732421875 89.37585138121622 5.135385450612576 5.488763168171301 0.0
0.1263427734375 89.35052830066698 5.135185852756993 5.514285846576134 0.0
0.126953125 89.32522672273775 5.134978329408784 5.539794947853574 0.0
0.1275634765625 89.29994667659996 5.134762888272961 5.565290435127196 0.0
0.128173828125 89.27468819131992 5.134539537099179 5.590772271581011 0.0
0.1287841796875 89.24945129585885 5.134308283681583 5.616240420459686 0.0
0.12939453125 89.22423601907269 5.1340691358586685 5.641694845068755 0.0
0.1300048828125 89.19904238971215 5.133822101513129 5.667135508774834 0.0
0.130615234375 89.17387043642256 5.13356718857171 5.692562375005834 0.0
0.1312255859375 89.14872018774388 5.1333044050050605 5.7179754072511715 0.0
0.1318359375 89.12359167211055 5.133033758827585 5.743374569061981 0.0
0.1324462890625 89.0984849178515 5.132755258097293 5.768759824051322 0.0
0.133056640625 89.07339995319006 5.132468910915653 5.794131135894389 0.0
0.1336669921875 89.04833680624394 5.13217472542744 5.819488468328722 0.0
0.13427734375 89.0232955050251 5.131872709820585 5.844831785154409 0.0
0.1348876953125 88.99827607743977 5.131562872326027 5.870161050234295 0.0
0.135498046875 88.97327855128835 5.131245221217562 5.8954762274941865 0.0
0.1361083984375 88.94830295426534 5.130919764811691 5.920777280923056 0.0
0.13671875 88.92334931395938 5.130586511467468 5.946064174573243 0.0
0.1373291015625 88.89841765785307 5.130245469586349 5.971336872560661 0.0
0.137939453125 88.87350801332305 5.129896647612042 5.996595339064994 0.0
0.1385498046875 88.84862040763983 5.12954005403035 6.021839538329901 0.0
0.13916015625 88.82375486796785 5.129175697369025 6.047069434663212 0.0
0.1397705078125 88.79891142136535 5.1288035861976065 6.072284992437129 0.0
0.140380859375 88.77409009478438 5.128423729127275 6.097486176088423 0.0
0.1409912109375 88.74929091507076 5.128036134810695 6.1226729501186306 0.0
0.1416015625 88.72451390896397 5.127640811941862 6.147845279094249 0.0
0.1422119140625 88.6997591030972 5.127237769255949 6.173003127646934 0.0
0.142822265625 88.67502652399723 5.126827015529149 6.19814646047369 0.0
0.1434326171875 88.65031619808448 5.1264085595785245 6.223275242337064 0.0
0.14404296875 88.62562815167288 5.125982410261848 6.24838943806534 0.0
0.1446533203125 88.6009624109699 5.125548576477449 6.2734890125527265 0.0
0.145263671875 88.57631900207647 5.125107067164057 6.29857393075955 0.0
0.1458740234375 88.55169795098699 5.124657891300646 6.32364415771244 0.0
0.146484375 88.52709928358928 5.124201057906277 6.348699658504524 0.0
0.1470947265625 88.50252302566453 5.123736576039945 6.373740398295605 0.0
0.147705078125 88.47796920288731 5.123264454800415 6.398766342312359 0.0
0.1483154296875 88.4534378408255 5.122784703326073 6.423777455848511 0.0
0.14892578125 88.4289289649403 5.122297330794764 6.448773704265024 0.0
0.1495361328125 88.40444260058617 5.121802346423632 6.473755052990282 0.0
0.150146484375 88.37997877301083 5.121299759468967 6.498721467520272 0.0
0.1507568359375 88.35553750735527 5.120789579226046 6.523672913418765 0.0
0.1513671875 88.33111882865362 5.120271815028969 6.548609356317498 0.0
0.1519775390625 88.30672276183323 5.1197464762505085 6.573530761916352 0.0
0.152587890625 88.28234933171461 5.119213572301943 6.598437095983532 0.0
0.1531982421875 88.25799856301144 5.118673112632902 6.623328324355743 0.0
0.15380859375 88.23367048033052 5.118125106731205 6.64820441293837 0.0
0.1544189453125 88.20936510817174 5.117569564122703 6.67306532770565 0.0
0.155029296875 88.18508247092812 5.117006494371116 6.697911034700849 0.0
0.1556396484375 88.16082259288578 5.116435907077876 6.722741500036435 0.0
0.15625 88.13658549822388 5.1158578118819635 6.7475566898942505 0.0
0.1568603515625 88.11237121101466 5.115272218459749 6.7723565705256865 0.0
0.157470703125 88.08817975522341 5.114679136524831 6.797141108251852 0.0
0.1580810546875 88.06401115470847 5.114078575827875 6.821910269463743 0.0
0.15869140625 88.03986543322122 5.113470546156453 6.846664020622412 0.0
0.1593017578125 88.01574261440607 5.1128550573348805 6.871402328259138 0.0
0.159912109375 87.99164272180043 5.112232119224056 6.896125158975591 0.0
0.1605224609375 87.96756577883478 5.111601741721299 6.920832479444002 0.0
0.1611328125 87.94351180883258 5.1109639347601865 6.94552425640732 0.0
0.1617431640625 87.9194808350103 5.110318708310392 6.970200456679386 0.0
0.162353515625 87.89547288047747 5.109666072377523 6.99486104714509 0.0
0.1629638671875 87.8714879682366 5.109006037002959 7.019505994760535 0.0
0.16357421875 87.84752612118321 5.108338612263685 7.044135266553198 0.0
0.1641845703125 87.82358736210587 5.107663808272132 7.06874882962209 0.0
0.164794921875 87.79967171368617 5.106981635176014 7.093346651137918 0.0
0.1654052734375 87.7757791984987 5.106292103158162 7.1179286983432375 0.0
0.166015625 87.75190983901112 5.105595222436361 7.142494938552615 0.0
0.1666259765625 87.72806365758413 5.104891003263188 7.167045339152784 0.0
0.167236328125 87.70424067647146 5.1041794559258475 7.191579867602797 0.0
0.1678466796875 87.68044091781991 5.103460590746006 7.216098491434181 0.0
0.16845703125 87.65666440366937 5.102734418079629 7.2406011782510955 0.0
0.1690673828125 87.6329111559528 5.102000948316816 7.265087895730479 0.0
0.169677734375 87.60918119649625 5.101260191881636 7.289558611622204 0.0
0.1702880859375 87.5854745470189 5.100512159231964 7.314013293749224 0.0
0.1708984375 87.56179122913305 5.099756860859315 7.338451910007729 0.0
0.1715087890625 87.53813126434413 5.098994307288678 7.362874428367286 0.0
0.172119140625 87.51449467405074 5.098224509078355 7.387280816870995 0.0
0.1727294921875 87.49088147954467 5.097447476819789 7.41167104363563 0.0
0.17333984375 87.4672917020109 5.0966632211374066 7.436045076851786 0.0
0.1739501953125 87.44372536252762 5.0958717526884465 7.460402884784024 0.0
0.174560546875 87.42018248206628 5.095073082162797 7.484744435771014 0.0
0.1751708984375 87.39666308149158 5.094267220282828 7.509069698225678 0.0
0.17578125 87.37316718156153 5.093454177803227 7.533378640635334 0.0
0.1763916015625 87.34969480292743 5.092633965510832 7.557671231561831 0.0
0.177001953125 87.32624596613392 5.091806594224469 7.581947439641695 0.0
0.1776123046875 87.30282069161905 5.090972074794779 7.606207233586264 0.0
0.17822265625 87.27941899971421 5.090130418104057 7.630450582181825 0.0
0.1788330078125 87.25604091064424 5.0892816350660866 7.654677454289756 0.0
0.179443359375 87.23268644452746 5.088425736625968 7.678887818846657 0.0
0.1800537109375 87.20935562137564 5.087562733759958 7.7030816448644845 0.0
0.1806640625 87.18604846109409 5.086692637475297 7.727258901430689 0.0
0.1812744140625 87.16276498348168 5.085815458810048 7.751419557708346 0.0
0.181884765625 87.13950520823086 5.084931208832926 7.775563582936284 0.0
0.1824951171875 87.1162691549277 5.084039898643134 7.799690946429225 0.0
0.18310546875 87.09305684305197 5.083141539370192 7.823801617577905 0.0
0.1837158203125 87.06986829197709 5.082236142173776 7.847895565849206 0.0
0.184326171875 87.04670352097024 5.081323718243545 7.871972760786287 0.0
0.1849365234375 87.02356254919239 5.080404278798977 7.896033172008707 0.0
0.185546875 87.00044539569832 5.079477835089203 7.920076769212552 0.0
0.1861572265625 86.97735207943668 5.078544398392835 7.944103522170562 0.0
0.186767578125 86.95428261925002 5.077603980017805 7.968113400732252 0.0
0.1873779296875 86.93123703387485 5.076656591301194 7.992106374824036 0.0
0.18798828125 86.90821534194167 5.075702243609062 8.016082414449354 0.0
0.1885986328125 86.88521756197501 5.074740948336288 8.040041489688782 0.0
0.189208984375 86.86224371239352 5.0737727169063955 8.063983570700167 0.0
0.1898193359375 86.83929381150996 5.072797560771389 8.087908627718729 0.0
0.1904296875 86.81636787753129 5.071815491411584 8.111816631057197 0.0
0.1910400390625 86.79346592855872 5.070826520335443 8.135707551105911 0.0
0.191650390625 86.77058798258771 5.069830659079402 8.159581358332948 0.0
0.1922607421875 86.74773405750813 5.0688279192077115 8.183438023284234 0.0
0.19287109375 86.72490417110416 5.0678183123122595 8.207277516583655 0.0
0.1934814453125 86.70209834105448 5.0668018500124115 8.231099808933177 0.0
0.194091796875 86.67931658493228 5.0657785439548375 8.254904871112952 0.0
0.1947021484375 86.65655892020528 5.064748405813347 8.278692673981435 0.0
0.1953125 86.63382536423586 5.063711447288722 8.302463188475489 0.0
0.1959228515625 86.61111593428103 5.0626676801085475 8.326216385610497 0.0
0.196533203125 86.58843064749256 5.061617116027044 8.34995223648047 0.0
0.1971435546875 86.56576952091702 5.060559766824901 8.373670712258159 0.0
0.19775390625 86.54313257149582 5.059495644309108 8.397371784195151 0.0
0.1983642578125 86.5205198160653 5.05842476031279 8.421055423621985 0.0
0.198974609375 86.49793127135679 5.057347126695035 8.444721601948247 0.0
0.1995849609375 86.47536695399666 5.056262755340729 8.468370290662685 0.0
0.2001953125 86.45282688050638 5.055171658160389 8.492001461333302 0.0
0.2008056640625 86.43031106730261 5.054073847089994 8.515615085607463 0.0
0.201416015625 86.40781953069725 5.05296933409082 8.539211135211989 0.0
0.2020263671875 86.38535228689753 5.051858131149268 8.562789581953265 0.0
0.20263671875 86.36290935200603 5.0507402502767 8.586350397717334 0.0
0.2032470703125 86.34049074202079 5.0496157035092715 8.609893554469995 0.0
0.203857421875 86.31809647283539 5.048484502907763 8.633419024256902 0.0
0.2044677734375 86.29572656023899 5.0473466605574115 8.656926779203657 0.0
0.205078125 86.27338101991641 5.046202188567747 8.680416791515903 0.0
0.2056884765625 86.25105986744822 5.045051099072421 8.703889033479426 0.0
0.206298828125 86.22876311831078 5.043893404229041 8.727343477460241 0.0
0.2069091796875 86.20649078787638 5.042729116219004 8.750780095904686 0.0
0.20751953125 86.18424289141323 5.041558247247327 8.77419886133951 0.0
0.2081298828125 86.16201944408562 5.040380809542484 8.797599746371969 0.0
0.208740234375 86.13982046095393 5.039196815356235 8.820982723689909 0.0
0.2093505859375 86.11764595697475 5.038006276963462 8.84434776606186 0.0
0.2099609375 86.09549594700096 5.036809206661999 8.867694846337118 0.0
0.2105712890625 86.07337044578178 5.035605616772468 8.891023937445832 0.0
0.211181640625 86.05126946796287 5.034395519638111 8.914335012399093 0.0
0.2117919921875 86.02919302808644 5.033178927624624 8.937628044289013 0.0
0.21240234375 86.00714114059127 5.031955853119989 8.960903006288813 0.0
0.2130126953125 85.98511381981287 5.030726308534309 8.984159871652903 0.0
0.213623046875 85.96311107998348 5.029490306299641 9.007398613716962 0.0
0.2142333984375 85.94113293523223 5.02824785886983 9.03061920589802 0.0
0.21484375 85.9191793995852 5.026998978720342 9.05382162169454 0.0
0.2154541015625 85.89725048696549 5.025743678348099 9.077005834686494 0.0
0.216064453125 85.87534621119333 5.024481970271311 9.100171818535438 0.0
0.2166748046875 85.85346658598617 5.0232138670293125 9.123319546984593 0.0
0.21728515625 85.83161162495875 5.021939381182396 9.14644899385892 0.0
0.2178955078125 85.80978134162324 5.020658525311643 9.169560133065191 0.0
0.218505859375 85.78797574938923 5.019371312018764 9.192652938592067 0.0
0.2191162109375 85.76619486156396 5.01807775392593 9.21572738451017 0.0
0.2197265625 85.7444386913523 5.016777863675604 9.238783444972155 0.0
0.2203369140625 85.7227072518569 5.015471653930383 9.261821094212776 0.0
0.220947265625 85.70100055607827 5.014159137372827 9.284840306548965 0.0
0.2215576171875 85.67931861691487 5.012840326705294 9.307841056379894 0.0
0.22216796875 85.65766144716324 5.011515234649778 9.330823318187047 0.0
0.2227783203125 85.63602905951804 5.010183873947744 9.353787066534283 0.0
0.223388671875 85.6144214665722 5.008846257359961 9.376732276067907 0.0
0.2239990234375 85.592838680817 5.007502397666339 9.399658921516732 0.0
0.224609375 85.57128071464216 5.006152307665763 9.422566977692147 0.0
0.2252197265625 85.54974758033596 5.004796000175933 9.445456419488176 0.0
0.225830078125 85.52823929008534 5.003433488033194 9.468327221881543 0.0
0.2264404296875 85.50675585597597 5.002064784092375 9.491179359931733 0.0
0.22705078125 85.48529728999239 5.000689901226627 9.514012808781054 0.0
0.2276611328125 85.46386360401812 4.999308852327255 9.536827543654693 0.0
0.228271484375 85.44245480983572 4.997921650303559 9.55962353986078 0.0
0.2288818359375 85.42107091912695 4.9965283080826675 9.582400772790443 0.0
0.2294921875 85.39971194347282 4.995128838609374 9.605159217917864 0.0
0.2301025390625 85.37837789435375 4.9937232548459765 9.627898850800335 0.0
0.230712890625 85.35706878314963 4.992311569772112 9.650619647078319 0.0
0.2313232421875 85.33578462113996 4.990893796384596 9.673321582475495 0.0
0.23193359375 85.31452541950398 4.989469947697259 9.696004632798818 0.0
0.2325439453125 85.29329118932071 4.988040036740782 9.718668773938568 0.0
0.233154296875 85.27208194156913 4.9866040765625375 9.741313981868403 0.0
0.2337646484375 85.25089768712823 4.985162080226426 9.76394023264541 0.0
0.234375 85.2297384367772 4.983714060812715 9.786547502410153 0.0
0.2349853515625 85.20860420119547 4.982260031417875 9.809135767386723 0.0
0.235595703125 85.18749499096286 4.980800005154419 9.831705003882782 0.0
0.2362060546875 85.1664108165597 4.979333995150743 9.854255188289615 0.0
0.23681640625 85.14535168836693 4.977862014550962 9.876786297082177 0.0
0.2374267578125 85.12431761666619 4.976384076514753 9.89929830681913 0.0
0.238037109375 85.10330861163999 4.974900194217189 9.921791194142896 0.0
0.2386474609375 85.0823246833718 4.973410380848581 9.944264935779694 0.0
0.2392578125 85.06136584184617 4.971914649614318 9.966719508539587 0.0
0.2398681640625 85.04043209694885 4.970413013734707 9.989154889316517 0.0
0.240478515625 85.0195234584669 4.968905486444813 10.011571055088353 0.0
0.2410888671875 84.99863993608885 4.967392080994297 10.033967982916929 0.0
0.24169921875 84.97778153940475 4.965872810647258 10.056345649948076 0.0
0.2423095703125 84.95694827790633 4.964347688682075 10.07870403341167 0.0
0.242919921875 84.93614016098718 4.962816728391245 10.10104311062166 0.0
0.2435302734375 84.91535719794275 4.961279943081227 10.12336285897611 0.0
0.244140625 84.89459939797058 4.959737346072279 10.145663255957231 0.0
0.2447509765625 84.87386677017037 4.958188950698305 10.167944279131417 0.0
0.245361328125 84.85315932354412 4.9566347703066915 10.190205906149277 0.0
0.2459716796875 84.83247706699626 4.955074818258153 10.212448114745671 0.0
0.24658203125 84.81182000933377 4.953509107926575 10.234670882739735 0.0
0.2471923828125 84.79118815926631 4.951937652698849 10.256874188034917 0.0
0.247802734375 84.77058152540634 4.950360465974724 10.279058008619009 0.0
0.2484130859375 84.75000011626926 4.9487775611666445 10.301222322564167 0.0
0.2490234375 84.72944394027353 4.947188951699595 10.323367108026948 0.0
0.2496337890625 84.7089130057408 4.945594651010943 10.345492343248335 0.0
0.250244140625 84.68840732089603 4.94399467255028 10.367598006553756 0.0
0.2508544921875 84.66792689386767 4.942389029779273 10.389684076353124 0.0
0.25146484375 84.64747173268772 4.940777736171497 10.411750531140846 0.0
0.2520751953125 84.62704184529191 4.939160805212289 10.43379734949586 0.0
0.252685546875 84.60663723951983 4.937538250398588 10.455824510081648 0.0
0.2532958984375 84.58625792311501 4.93591008523878 10.477831991646264 0.0
0.25390625 84.56590390372516 4.934276323252544 10.499819773022352 0.0
0.2545166015625 84.54557518890219 4.932636977970697 10.521787833127169 0.0
0.255126953125 84.52527178610242 4.930992062935038 10.5437361509626 0.0
0.2557373046875 84.50499370268668 4.929341591698197 10.565664705615182 0.0
0.25634765625 84.48474094592046 4.927685577823477 10.58757347625612 0.0
0.2569580078125 84.46451352297406 4.926024034884703 10.6094624421413 0.0
0.257568359375 84.44431144092269 4.9243569764660675 10.63133158261131 0.0
0.2581787109375 84.42413470674664 4.922684416161977 10.653180877091453 0.0
0.2587890625 84.40398332733142 4.921006367576901 10.67501030509176 0.0
0.2593994140625 84.38385730946786 4.919322844325215 10.696819846207008 0.0
0.260009765625 84.3637566598523 4.917633860031055 10.718609480116728 0.0
0.2606201171875 84.34368138508671 4.915939428328156 10.740379186585217 0.0
0.26123046875 84.32363149167882 4.914239562859709 10.762128945461555 0.0
0.2618408203125 84.30360698604228 4.912534277278206 10.783858736679605 0.0
0.262451171875 84.28360787449678 4.910823585245286 10.805568540258031 0.0
0.2630615234375 84.26363416326821 4.9091075004315865 10.827258336300304 0.0
0.263671875 84.2436858584888 4.907386036516595 10.848928104994704 0.0
0.2642822265625 84.22376296619727 4.905659207188493 10.870577826614337 0.0
0.264892578125 84.20386549233896 4.903927026144011 10.892207481517133 0.0
0.2655029296875 84.18399344276598 4.902189507088274 10.913817050145855 0.0
0.26611328125 84.16414682323735 4.900446663734658 10.9354065130281 0.0
0.2667236328125 84.14432563941916 4.898698509804634 10.956975850776306 0.0
0.267333984375 84.12452989688474 4.896945059027622 10.978525044087753 0.0
0.2679443359375 84.10475960111471 4.895186325140842 11.000054073744563 0.0
0.2685546875 84.08501475749723 4.893422321889168 11.021562920613706 0.0
0.2691650390625 84.06529537132813 4.891653063024974 11.043051565646994 0.0
0.269775390625 84.04560144781102 4.889878562307993 11.064519989881086 0.0
0.2703857421875 84.02593299205746 4.888098833505162 11.085968174437483 0.0
0.27099609375 84.0062900090871 4.8863138903904835 11.107396100522525 0.0
0.2716064453125 83.98667250382783 4.88452374674487 11.128803749427394 0.0
0.272216796875 83.967080481116 4.882728416356002 11.150191102528103 0.0
0.2728271484375 83.94751394569643 4.880927913018182 11.171558141285493 0.0
0.2734375 83.92797290222269 4.879122250532186 11.192904847245233 0.0
0.2740478515625 83.90845735525718 4.8773114427051185 11.214231202037805 0.0
0.274658203125 83.88896730927134 4.87549550335027 11.235537187378506 0.0
0.2752685546875 83.86950276864572 4.873674446286967 11.256822785067433 0.0
0.27587890625 83.85006373767021 4.8718482853404295 11.278087976989475 0.0
0.2764892578125 83.83065022054417 4.870017034341629 11.299332745114311 0.0
0.277099609375 83.81126222137658 4.86818070712714 11.32055707149639 0.0
0.2777099609375 83.79189974418618 4.866339317538998 11.341760938274927 0.0
0.2783203125 83.77256279290167 4.864492879424557 11.362944327673887 0.0
0.2789306640625 83.75325137136178 4.862641406636347 11.384107222001974 0.0
0.279541015625 83.73396548331556 4.860784913031925 11.405249603652619 0.0
0.2801513671875 83.7147051324224 4.858923412473742 11.426371455103963 0.0
0.28076171875 83.69547032225226 4.8570569188289925 11.447472758918845 0.0
0.2813720703125 83.67626105628584 4.855185445969477 11.468553497744788 0.0
0.281982421875 83.65707733791467 4.85330900777146 11.489613654313972 0.0
0.2825927734375 83.63791917044135 4.851427618115528 11.510653211443232 0.0
0.283203125 83.61878655707963 4.849541290886447 11.531672152034028 0.0
0.2838134765625 83.59967950095465 4.847650039973025 11.552670459072433 0.0
0.284423828125 83.58059800510303 4.84575387926797 11.573648115629107 0.0
0.2850341796875 83.56154207247306 4.843852822667752 11.594605104859287 0.0
0.28564453125 83.54251170592488 4.84194688407246 11.615541410002757 0.0
0.2862548828125 83.5235069082306 4.840036077385665 11.63645701438383 0.0
0.286865234375 83.5045276820745 4.8381204165142835 11.65735190141132 0.0
0.2874755859375 83.48557403005314 4.836199915368432 11.678226054578529 0.0
0.2880859375 83.46664595467558 4.834274587861297 11.699079457463217 0.0
0.2886962890625 83.44774345836353 4.8323444479089925 11.719912093727576 0.0
0.289306640625 83.42886654345148 4.830409509430422 11.740723947118205 0.0
0.2899169921875 83.41001521218688 4.828469786347143 11.761515001466087 0.0
0.29052734375 83.39118946673031 4.8265252925832325 11.782285240686559 0.0
0.2911376953125 83.37238930915568 4.824576042065145 11.803034648779283 0.0
0.291748046875 83.3536147414503 4.8226220487215805 11.823763209828224 0.0
0.2923583984375 83.33486576551515 4.8206633264833485 11.844470908001613 0.0
0.29296875 83.31614238316496 4.818699889283232 11.86515772755192 0.0
0.2935791015625 83.29744459612843 4.816731751055849 11.885823652815828 0.0
0.294189453125 83.27877240604839 4.814758925737526 11.906468668214194 0.0
0.2947998046875 83.26012581448194 4.812781427266156 11.92709275825202 0.0
0.29541015625 83.24150482290062 4.810799269581068 11.94769590751842 0.0
0.2960205078125 83.22290943269063 4.808812466622893 11.968278100686591 0.0
0.296630859375 83.20433964515291 4.8068210323334295 11.988839322513773 0.0
0.2972412109375 83.18579546150339 4.804824980655513 12.009379557841212 0.0
0.2978515625 83.1672768828731 4.802824325532883 12.029898791594134 0.0
0.2984619140625 83.14878391030837 4.800819080910048 12.050397008781697 0.0
0.299072265625 83.13031654477099 4.798809260732158 12.070874194496964 0.0
0.2996826171875 83.11187478713839 4.796794878944868 12.09133033391686 0.0
0.30029296875 83.09345863820377 4.7947759494942135 12.11176541230213 0.0
0.3009033203125 83.07506809867633 4.792752486326474 12.13217941499731 0.0
0.301513671875 83.05670316918139 4.790724503388046 12.152572327430677 0.0
0.3021240234375 83.03836385026058 4.788692014625311 12.172944135114216 0.0
0.302734375 83.02005014237203 4.786655033984508 12.193294823643571 0.0
0.3033447265625 83.00176204589049 4.784613575411604 12.21362437869801 0.0
0.303955078125 82.98349956110756 4.782567652852163 12.233932786040379 0.0
0.3045654296875 82.96526268823183 4.780517280251219 12.25422003151706 0.0
0.30517578125 82.94705142738904 4.7784624715531505 12.274486101057924 0.0
0.3057861328125 82.92886577862228 4.776403240701549 12.294730980676292 0.0
0.306396484375 82.91070574189214 4.774339601639092 12.314954656468881 0.0
0.3070068359375 82.89257131707693 4.772271568307419 12.335157114615768 0.0
0.3076171875 82.87446250397278 4.770199154647003 12.355338341380335 0.0
0.3082275390625 82.85637930229387 4.768122374597023 12.375498323109227 0.0
0.308837890625 82.83832171167258 4.766041242095242 12.395637046232299 0.0
0.3094482421875 82.82028973165967 4.763955771077879 12.415754497262572 0.0
0.31005859375 82.80228336172445 4.761865975479484 12.435850662796183 0.0
0.3106689453125 82.78430260125498 4.759771869232814 12.45592552951233 0.0
0.311279296875 82.76634744955818 4.757673466268709 12.475979084173227 0.0
0.3118896484375 82.74841790586011 4.755570780515966 12.49601131362405 0.0
0.3125 82.73051396930602 4.753463825901221 12.516022204792884 0.0
0.3131103515625 82.71263563896063 4.75135261634882 12.536011744690674 0.0
0.313720703125 82.69478291380827 4.749237165780698 12.555979920411167 0.0
0.3143310546875 82.676955792753 4.7471174881162606 12.57592671913086 0.0
0.31494140625 82.65915427461893 4.744993597272255 12.59585212810895 0.0
0.3155517578125 82.6413783581502 4.742865507162654 12.615756134687269 0.0
0.316162109375 82.62362804201136 4.7407332316985356 12.635638726290235 0.0
0.3167724609375 82.60590332478738 4.738596784787957 12.655499890424794 0.0
0.3173828125 82.58820420498392 4.736456180335837 12.675339614680365 0.0
0.3179931640625 82.5705306810275 4.73431143224384 12.695157886728776 0.0
0.318603515625 82.55288275126566 4.73216255441025 12.714954694324213 0.0
0.3192138671875 82.53526041396711 4.7300095607298545 12.734730025303154 0.0
0.31982421875 82.51766366732197 4.727852465093827 12.754483867584316 0.0
0.3204345703125 82.50009250944191 4.725691281389607 12.77421620916859 0.0
0.321044921875 82.48254693836036 4.723526023500781 12.793927038138976 0.0
0.3216552734375 82.4650269520326 4.721356705306969 12.813616342660538 0.0
0.322265625 82.44753254833608 4.719183340683703 12.833284110980319 0.0
0.3228759765625 82.4300637250705 4.71700594350231 12.852930331427299 0.0
0.323486328125 82.412620479958 4.714824527629803 12.872554992412315 0.0
0.3240966796875 82.39520281064334 4.712639106928755 12.892158082428011 0.0
0.32470703125 82.37781071469415 4.71044969525719 12.911739590048763 0.0
0.3253173828125 82.36044418960101 4.708256306468467 12.931299503930617 0.0
0.325927734375 82.34310323277771 4.706058954411163 12.950837812811226 0.0
0.3265380859375 82.32578784156135 4.703857652928961 12.970354505509782 0.0
0.3271484375 82.30849801321261 4.701652415860535 12.989849570926944 0.0
0.3277587890625 82.29123374491587 4.6994432570394356 13.00932299804478 0.0
0.328369140625 82.27399503377941 4.69723019029398 13.02877477592669 0.0
0.3289794921875 82.2567818768356 4.695013229447136 13.048204893717344 0.0
0.32958984375 82.23959427104107 4.692792388316412 13.067613340642607 0.0
0.3302001953125 82.22243221327687 4.690567680713743 13.087000106009473 0.0
0.330810546875 82.20529570034871 4.688339120445381 13.10636517920599 0.0
0.3314208984375 82.18818472898711 4.686106721311783 13.125708549701198 0.0
0.33203125 82.17109929584754 4.683870497107502 13.145030207045044 0.0
0.3326416015625 82.15403939751069 4.681630461621071 13.164330140868325 0.0
