0.0 95.0 5.0 0.0 0.0
0.001220703125 94.94204348690008 5.003034988895212 0.05492152420470686 0.0
0.00244140625 94.8841409970261 5.006036419829368 0.10982258314452789 0.0
0.003662109375 94.82629290850926 5.009004263356823 0.16470282813390888 0.0
0.0048828125 94.76849959847353 5.011938491016762 0.2195619105097092 0.0
0.006103515625 94.71076144302484 5.01483907533317 0.274399481641994 0.0
0.00732421875 94.65307881724044 5.017705989814742 0.32921519294481566 0.0
0.008544921875 94.59545209515828 5.02053920895473 0.3840086958869829 0.0
0.009765625 94.53788164976643 5.023338708230743 0.4387796420028178 0.0
0.010986328125 94.48036785299263 5.026104464104468 0.4935276829028997 0.0
0.01220703125 94.42291107569386 5.028836454021345 0.5482524702847948 0.0
0.013427734375 94.36551168764605 5.031534656410178 0.602953655943772 0.0
0.0146484375 94.30817005753381 5.034199050682684 0.6576308917835035 0.0
0.015869140625 94.25088655294027 5.036829617232984 0.7122838298267492 0.0
0.01708984375 94.19366154033695 5.039426337437038 0.7669121222260255 0.0
0.018310546875 94.13649538507374 5.041989193652016 0.8215154212742566 0.0
0.01953125 94.079388451369 5.044518169215612 0.8760933794154085 0.0
0.020751953125 94.02234110229962 5.0470132484453005 0.9306456492551046 0.0
0.02197265625 93.96535369979128 5.049474416637531 0.9851718835712224 0.0
0.023193359375 93.90842660460869 5.051901660066867 1.0396717353244709 0.0
0.0244140625 93.85156017634601 5.0542949659850676 1.0941448576689474 0.0
0.025634765625 93.79475477341724 5.056654322620108 1.1485909039626747 0.0
0.02685546875 93.73801075304677 5.058979719175146 1.2030095277781157 0.0
0.028076171875 93.68132847125993 5.0612711458274235 1.2574003829126663 0.0
0.029296875 93.62470828287377 5.063528593727122 1.3117631233991272 0.0
0.030517578125 93.56815054148771 5.065752054996152 1.3660974035161495 0.0
0.03173828125 93.51165559947447 5.067941522726889 1.42040287779866 0.0
0.032958984375 93.45522380797091 5.07009699098085 1.4746792010482594 0.0
0.0341796875 93.3988555168691 5.07221845478732 1.5289260283435977 0.0
0.035400390625 93.34255107480739 5.074305910141918 1.5831430150507217 0.0
0.03662109375 93.28631082916152 5.0763593540051035 1.6373298168333985 0.0
0.037841796875 93.23013512603598 5.078378784300636 1.6914860896634114 0.0
0.0390625 93.17402431025522 5.080364199913971 1.7456114898308277 0.0
0.040283203125 93.11797872535517 5.082315600690608 1.79970567395424 0.0
0.04150390625 93.06199871357467 5.084232987434377 1.8537682989909785 0.0
0.042724609375 93.00608461584706 5.086116361905677 1.9077990222472934 0.0
0.0439453125 92.95023677179186 5.087965726819654 1.961797501388509 0.0
0.045166015625 92.89445551970655 5.08978108584433 2.015763394449147 0.0
0.04638671875 92.83874119655833 5.091562443598678 2.069696359843019 0.0
0.047607421875 92.78309413797611 5.093309805650638 2.123596056373288 0.0
0.048828125 92.72751467824244 5.095023178515088 2.177462143242497 0.0
0.050048828125 92.6720031502857 5.096702569651758 2.231294280062568 0.0
0.05126953125 92.61655988567217 5.09834798746309 2.285092126864763 0.0
0.052490234375 92.56118521459835 5.099959441292051 2.3388553441096174 0.0
0.0537109375 92.5058794658833 5.101536941419889 2.3925835926968357 0.0
0.054931640625 92.45064296696103 5.103080499063842 2.4462765339751535 0.0
0.05615234375 92.39547604387306 5.104590126374794 2.499933829752164 0.0
0.057373046875 92.34037902126103 5.106065836434877 2.553555142304109 0.0
0.05859375 92.28535222235935 5.10750764325503 2.607140134385637 0.0
0.059814453125 92.23039596898799 5.108915561772501 2.6606884692395174 0.0
0.06103515625 92.17551058154538 5.110289607848304 2.714199810606325 0.0
0.062255859375 92.1206963790013 5.111629798264622 2.7676738227340825 0.0
0.0634765625 92.06595367888997 5.112936150722168 2.821110170387867 0.0
0.064697265625 92.01128279730314 5.114208683837487 2.8745085188593755 0.0
0.06591796875 91.95668404888332 5.115447417140223 2.927868533976454 0.0
0.067138671875 91.90215774681708 5.1166523710703276 2.981189882112584 0.0
0.068359375 91.84770420282844 5.117823566975222 3.0344722301963323 0.0
0.069580078125 91.79332372717232 5.118961027106919 3.0877152457207573 0.0
0.07080078125 91.73901662862814 5.120064774619091 3.1409185967527753 0.0
0.072021484375 91.68478321449342 5.121134833564094 3.194081951942485 0.0
0.0732421875 91.6306237905776 5.122171228889947 3.2472049805324503 0.0
0.074462890625 91.5765386611958 5.123173986437266 3.300287352366941 0.0
0.07568359375 91.52252812916272 5.124143132936147 3.353328737901129 0.0
0.076904296875 91.46859249578674 5.125078696003014 3.4063288082102425 0.0
0.078125 91.4147320608639 5.125980704137414 3.4592872349986767 0.0
0.079345703125 91.36094712267216 5.126849186718774 3.5122036906090583 0.0
0.08056640625 91.30723797796561 5.127684174003106 3.5650778480312666 0.0
0.081787109375 91.2536049219689 5.128485697119681 3.61790938091141 0.0
0.0830078125 91.20004824837159 5.1292537880676505 3.6706979635607557 0.0
0.084228515625 91.14656824932275 5.129988479712631 3.723443270964614 0.0
0.08544921875 91.09316521542559 5.130689805783243 3.776144978791175 0.0
0.086669921875 91.03983943573209 5.131357800867608 3.8288027634003017 0.0
0.087890625 90.98659119773792 5.13199250040981 3.8814163018522714 0.0
0.089111328125 90.93342078737722 5.132593940706311 3.9339852719164727 0.0
0.09033203125 90.88032848901761 5.133162158902329 3.9865093520800534 0.0
0.091552734375 90.8273145854553 5.133697192988174 4.03898822155652 0.0
0.0927734375 90.77437935791016 5.134199081795545 4.091421560294288 0.0
0.093994140625 90.72152308602102 5.1346678649937925 4.143809048985184 0.0
0.09521484375 90.66874604784097 5.135103583086135 4.196150369072896 0.0
0.096435546875 90.61604851983277 5.1355062774058435 4.248445202761379 0.0
0.09765625 90.56343077686441 5.135875990112386 4.3006932330232 0.0
0.098876953125 90.51089309220461 5.136212764187534 4.352894143607846 0.0
0.10009765625 90.45843573751858 5.136516643431435 4.405047619049969 0.0
0.101318359375 90.40605898286375 5.136787672458644 4.457153344677588 0.0
0.1025390625 90.35376309668563 5.137025896694127 4.50921100662023 0.0
0.103759765625 90.30154834581373 5.137231362369222 4.561220291817033 0.0
0.10498046875 90.24941499545764 5.137404116517563 4.61318088802478 0.0
0.106201171875 90.19736330920311 5.137544206970982 4.665092483825893 0.0
0.107421875 90.14539354900826 5.137651682355364 4.716954768636367 0.0
0.108642578125 90.09350597519986 5.137726592086476 4.768767432713657 0.0
0.10986328125 90.04170084646974 5.137768986365755 4.8205301671645024 0.0
0.111083984375 89.98997841987122 5.137778916176076 4.872242663952704 0.0
0.1123046875 89.93833895081568 5.1377564332774766 4.923904615906847 0.0
0.113525390625 89.88678269306918 5.137701590202853 4.975515716727963 0.0
0.11474609375 89.83530989874922 5.1376144402536275 5.027075660997146 0.0
0.115966796875 89.7839208183215 5.137495037495382 5.078584144183105 0.0
0.1171875 89.73261570059687 5.137343436753465 5.1300408626496665 0.0
0.118408203125 89.68139479272821 5.137159693608562 5.18144551366322 0.0
0.11962890625 89.63025834020765 5.136943864392245 5.232797795400105 0.0
0.120849609375 89.57920658686356 5.136696006182486 5.284097406953944 0.0
0.1220703125 89.52823977485792 5.1364161767991465 5.3353440483429235 0.0
0.123291015625 89.47735814468355 5.136104434799436 5.386537420517004 0.0
0.12451171875 89.42656193516156 5.135760839473346 5.437677225365089 0.0
0.125732421875 89.37585138343881 5.135385450839056 5.48876316572213 0.0
0.126953125 89.32522672498553 5.134978329638309 5.539794945376171 0.0
0.128173828125 89.2746881935929 5.134539537331768 5.590772269075338 0.0
0.12939453125 89.22423602137088 5.1340691360943405 5.6416948425347755 0.0
0.130615234375 89.17387043874601 5.133567188810485 5.692562372443513 0.0
0.1318359375 89.12359167445923 5.133033759069482 5.743374566471286 0.0
0.133056640625 89.07339995556403 5.132468911160692 5.794131133275289 0.0
0.13427734375 89.02329550742435 5.131872710068785 5.844831782506873 0.0
0.135498046875 88.97327855371287 5.131245221468943 5.895476224818186 0.0
0.13671875 88.9233493164092 5.130586511722048 5.946064171868751 0.0
0.137939453125 88.87350801579818 5.129896647869842 5.9965953363319855 0.0
0.13916015625 88.82375487046828 5.129175697630063 6.0470694319016625 0.0
0.140380859375 88.77409009731012 5.12842372939157 6.09748617329831 0.0
0.1416015625 88.72451391151502 5.127640812209434 6.147845276275552 0.0
0.142822265625 88.6750265265736 5.126827015800019 6.19814645762639 0.0
0.14404296875 88.62562815427457 5.125982410536034 6.248389435189418 0.0
0.145263671875 88.57631900470345 5.125107067441578 6.29857392785499 0.0
0.146484375 88.52709928624155 5.124201058187153 6.348699655571312 0.0
0.147705078125 88.47796920556488 5.123264455084665 6.398766339350482 0.0
0.14892578125 88.42892896764315 5.1222973310824065 6.448773701274471 0.0
0.150146484375 88.37997877573896 5.1212997597600225 6.498721464501032 0.0
0.1513671875 88.331118831407 5.1202718153234565 6.548609353269563 0.0
0.152587890625 88.28234933449323 5.1192135725998815 6.598437092906894 0.0
0.15380859375 88.23367048313438 5.118125107032615 6.648204409833025 0.0
0.155029296875 88.1850824737572 5.117006494676016 6.697911031566792 0.0
0.15625 88.13658550107816 5.115857812190372 6.74755668673148 0.0
0.157470703125 88.08817975810288 5.1146791368367674 6.797141105060367 0.0
0.15869140625 88.03986543612587 5.1134705464719366 6.8466640174022135 0.0
0.159912109375 87.99164272473023 5.112232119543106 6.896125155726683 0.0
0.1611328125 87.94351181178749 5.110963935082822 6.945524253129704 0.0
0.162353515625 87.89547288345747 5.109666072703764 6.994861043838772 0.0
0.16357421875 87.84752612418828 5.108338612593549 7.044135263218186 0.0
0.164794921875 87.79967171671628 5.106981635509521 7.0933466477742195 0.0
0.166015625 87.75190984206624 5.105595222773529 7.142494935160241 0.0
0.167236328125 87.70424067955156 5.104179456266696 7.191579864181757 0.0
0.16845703125 87.65666440677444 5.102734418424176 7.240601174801405 0.0
0.169677734375 87.60918119962625 5.1012601922299 7.289558608143876 0.0
0.1708984375 87.56179123228793 5.099756861211315 7.33845190650078 0.0
0.172119140625 87.51449467723047 5.098224509434109 7.387280813335444 0.0
0.17333984375 87.46729170521544 5.096663221496935 7.4360450732876515 0.0
0.174560546875 87.4201824852956 5.095073082526117 7.484744432178316 0.0
0.17578125 87.37316718481559 5.093454178170356 7.533378637014096 0.0
0.177001953125 87.32624596941267 5.091806594595426 7.581947435991939 0.0
0.17822265625 87.2794190030176 5.090130418478862 7.630450578503577 0.0
0.179443359375 87.23268644785546 5.088425737004638 7.6788878151399445 0.0
0.1806640625 87.18604846444666 5.086692637857849 7.72725889769554 0.0
0.181884765625 87.13950521160794 5.084931209219379 7.7755635791727284 0.0
0.18310546875 87.0930568464535 5.083141539760563 7.823801613785974 0.0
0.184326171875 87.04670352439618 5.081323718637852 7.871972756966013 0.0
0.185546875 87.00044539914862 5.079477835487464 7.920076765363969 0.0
0.186767578125 86.95428262272462 5.077603980420038 7.968113396855395 0.0
0.18798828125 86.90821534544051 5.075702244015284 8.016082410544263 0.0
0.189208984375 86.86224371591655 5.073772717316624 8.063983566766879 0.0
0.1904296875 86.81636788107846 5.071815491825836 8.111816627095754 0.0
0.191650390625 86.77058798615897 5.069830659497695 8.159581354343391 0.0
0.19287109375 86.72490417469942 5.067818312734611 8.207277512566026 0.0
0.194091796875 86.6793165885515 5.0657785443812635 8.254904867067296 0.0
0.1953125 86.63382536787897 5.063711447719241 8.302463184401851 0.0
0.196533203125 86.58843065115948 5.061617116461672 8.3499522323789 0.0
0.19775390625 86.54313257518649 5.059495644747863 8.397371780065697 0.0
0.198974609375 86.49793127507115 5.057347127137932 8.44472159779096 0.0
0.2001953125 86.45282688424436 5.055171658607445 8.492001457148234 0.0
0.201416015625 86.4078195344588 5.05296933454205 8.539211130999192 0.0
0.20263671875 86.36290935579105 5.0507402507321215 8.586350393476863 0.0
0.203857421875 86.31809647664383 5.048484503367392 8.633419019988814 0.0
0.205078125 86.27338102374819 5.046202189031601 8.680416787220254 0.0
0.206298828125 86.22876312216582 5.043893404697134 8.727343473137093 0.0
0.20751953125 86.18424289529145 5.041558247719675 8.77419885698892 0.0
0.208740234375 86.13982046485525 5.039196815832855 8.820982719311942 0.0
0.2099609375 86.09549595092531 5.036809207142905 8.867694841931835 0.0
0.211181640625 86.05126947191017 5.0343955201233195 8.914335007966558 0.0
0.21240234375 86.00714114456144 5.031955853609514 8.960903001829093 0.0
0.213623046875 85.96311108397643 5.029490306793498 9.007398609230123 0.0
0.21484375 85.91917940360085 5.026998979218546 9.053821617180654 0.0
0.216064453125 85.8753462152316 5.024481970773876 9.100171813994574 0.0
0.21728515625 85.83161162901956 5.021939381689337 9.146448989291148 0.0
0.218505859375 85.7879757534725 5.0193713125300965 9.19265293399746 0.0
0.2197265625 85.74443869545792 5.016777864191342 9.238783440350787 0.0
0.220947265625 85.70100056020615 5.0141591378929835 9.284840301900912 0.0
0.22216796875 85.6576614513133 5.011515235174368 9.330823313512385 0.0
0.223388671875 85.61442147074435 5.008846257888998 9.376732271366714 0.0
0.224609375 85.57128071883629 5.006152308199262 9.422566972964505 0.0
0.225830078125 85.52823929430136 5.003433488571166 9.468327217127532 0.0
0.22705078125 85.48529729423021 5.0006899017690865 9.514012804000755 0.0
0.228271484375 85.44245481409526 4.99792165085052 9.559623535054277 0.0
0.2294921875 85.39971194775397 4.995128839160849 9.60515921308524 0.0
0.230712890625 85.35706878745228 4.992311570328114 9.650619642219663 0.0
0.23193359375 85.31452542382804 4.9894699482578 9.696004627914215 0.0
0.233154296875 85.27208194591448 4.986604077127631 9.741313976957944 0.0
0.234375 85.22973844114375 4.983714061382374 9.786547497473926 0.0
0.235595703125 85.18749499535052 4.980800005728654 9.831704998920875 0.0
0.23681640625 85.14535169277558 4.977862015129787 9.876786292094685 0.0
0.238037109375 85.10330861606953 4.974900194800615 9.921791189129912 0.0
0.2392578125 85.0613658462965 4.971914650202357 9.966719503501205 0.0
0.240478515625 85.01952346293791 4.9689054870374765 10.01157105002467 0.0
0.24169921875 84.97778154389631 4.965872811244557 10.056345644859189 0.0
0.242919921875 84.9361401654992 4.96281672899319 10.101043105507665 0.0
0.244140625 84.89459940250295 4.959737346678882 10.14566325081823 0.0
0.245361328125 84.85315932809672 4.956634770917963 10.190205900985369 0.0
0.24658203125 84.81182001390651 4.953509108542526 10.234670877551022 0.0
0.247802734375 84.7705815299991 4.950360466595364 10.279058003405595 0.0
0.2490234375 84.72944394488619 4.947188952324935 10.323367102788938 0.0
0.250244140625 84.68840732552847 4.943994673180331 10.367598001291253 0.0
0.25146484375 84.64747173733983 4.940777736806267 10.411750525853957 0.0
0.252685546875 84.60663724419149 4.937538251038088 10.455824504770481 0.0
0.25390625 84.56590390841626 4.934276323896784 10.499819767687017 0.0
0.255126953125 84.52527179081282 4.930992063584027 10.543736145603205 0.0
0.25634765625 84.48474095065005 4.927685578477224 10.587573470872778 0.0
0.257568359375 84.44431144567133 4.924356977124581 10.631331577204131 0.0
0.2587890625 84.40398333209899 4.92100636824019 10.675010299660858 0.0
0.260009765625 84.36375666463869 4.917633860699128 10.718609474662218 0.0
0.26123046875 84.3236314964839 4.914239563532576 10.762128939983551 0.0
0.262451171875 84.28360787932043 4.910823585922953 10.805568534756649 0.0
0.263671875 84.2436858633309 4.907386037199071 10.84892809947006 0.0
0.264892578125 84.20386549719937 4.903927026831304 10.892207475969347 0.0
0.26611328125 84.16414682811596 4.9004466644267755 10.93540650745729 0.0
0.267333984375 84.12452990178141 4.89694505972457 10.978525038494041 0.0
0.2685546875 84.08501476241186 4.893422322590955 11.021562914997213 0.0
0.269775390625 84.04560145274347 4.8898785630146255 11.064519984241935 0.0
0.27099609375 84.00629001403722 4.8863138911019695 11.107396094860839 0.0
0.272216796875 83.96708048608367 4.8827284170723475 11.150191096844004 0.0
0.2734375 83.92797290720777 4.879122251253397 11.192904841538848 0.0
0.274658203125 83.8889673142737 4.875495504076354 11.235537181649962 0.0
0.27587890625 83.85006374268973 4.871848286071391 11.278087971238898 0.0
0.277099609375 83.81126222641312 4.868180707862985 11.320557065723909 0.0
0.2783203125 83.77256279795509 4.864492880165291 11.36294432187963 0.0
0.279541015625 83.73396548838573 4.860784913777553 11.405249597836715 0.0
0.28076171875 83.69547032733905 4.85705691957952 11.447472753081428 0.0
0.281982421875 83.65707734301793 4.853309008526892 11.489613648455173 0.0
0.283203125 83.61878656219923 4.849541291646788 11.531672146153978 0.0
0.284423828125 83.58059801023883 4.845753880033225 11.573648109727941 0.0
0.28564453125 83.54251171107676 4.841946884842633 11.61554140408061 0.0
0.286865234375 83.5045276872423 4.838120417289379 11.657351895468326 0.0
0.2880859375 83.46664595985918 4.834274588641319 11.699079451499514 0.0
0.289306640625 83.4288665486507 4.8304095102153735 11.74072394113393 0.0
0.29052734375 83.39118947194504 4.826525293373118 11.782285234681849 0.0
0.291748046875 83.35361474668039 4.822622049516403 11.82376320380322 0.0
0.29296875 83.31614238841026 4.8186998900829945 11.865157721506758 0.0
0.294189453125 83.27877241130876 4.814758926542232 11.906468662149013 0.0
0.29541015625 83.24150482817593 4.810799270390719 11.947695901433363 0.0
0.296630859375 83.204339650443 4.806821033148028 11.988839316408981 0.0
0.2978515625 83.16727688817782 4.8028243263524315 12.02989878546975 0.0
0.299072265625 83.13031655009021 4.798809261556658 12.070874188353134 0.0
0.30029296875 83.09345864353735 4.794775950323668 12.111765406138996 0.0
0.301513671875 83.05670317452918 4.790724504222457 12.152572321248385 0.0
0.302734375 83.02005014773388 4.786655034823877 12.193294817442265 0.0
0.303955078125 82.98349956648333 4.782567653696489 12.233932779820206 0.0
0.30517578125 82.94705143277857 4.7784624724024365 12.27448609481903 0.0
0.306396484375 82.91070574729528 4.774339602493336 12.314954650211414 0.0
0.3076171875 82.87446250938939 4.770199155506207 12.355338335104443 0.0
0.308837890625 82.8383217171025 4.766041242959407 12.395637039938132 0.0
0.31005859375 82.80228336716755 4.761865976348609 12.435850656483892 0.0
0.311279296875 82.7663474550143 4.757673467142794 12.475979077842961 0.0
0.3125 82.730513974775 4.753463826780267 12.516022198444794 0.0
0.313720703125 82.69478291928995 4.749237166664704 12.555979914045404 0.0
0.31494140625 82.65915428011317 4.744993598161219 12.595852121725667 0.0
0.316162109375 82.62362804751801 4.740733232592458 12.635638719889583 0.0
0.3173828125 82.58820421050284 4.736456181234716 12.6753396082625 0.0
0.318603515625 82.55288275679668 4.732162555314083 12.71495468788929 0.0
0.31982421875 82.51766367286494 4.727852466002615 12.754483861132488 0.0
0.321044921875 82.48254694391512 4.723526024414521 12.7939270316704 0.0
0.322265625 82.4475325539025 4.719183341602391 12.83328410449515 0.0
0.323486328125 82.4126204855359 4.7148245285534385 12.872554985910709 0.0
0.32470703125 82.37781072028339 4.710449696185771 12.911739583530876 0.0
0.325927734375 82.34310323837813 4.706058955344686 12.950837806277217 0.0
0.3271484375 82.30849801882407 4.701652416798996 12.98984956437697 0.0
0.328369140625 82.27399503940174 4.697230191237378 13.02877476936091 0.0
0.32958984375 82.23959427667411 4.692792389264743 13.067613334061178 0.0
0.330810546875 82.20529570599231 4.688339121398641 13.106365172609074 0.0
0.33203125 82.17109930150154 4.683870498065687 13.1450302004328 0.0
0.333251953125 82.13700503614683 4.679386629598012 13.183608334255187 0.0
0.33447265625 82.10301288167892 4.674887626229743 13.222099492091369 0.0
0.335693359375 82.0691228086601 4.670373598093508 13.260503593246424 0.0
0.3369140625 82.03533478647007 4.665844655216968 13.298820558312991 0.0
0.338134765625 82.00164878331182 4.661300907519374 13.337050309168832 0.0
0.33935546875 81.96806476621751 4.656742464808153 13.375192768974369 0.0
0.340576171875 81.93458270105432 4.652169436775518 13.413247862170191 0.0
0.341796875 81.9012025525304 4.647581932995103 13.451215514474518 0.0
0.343017578125 81.86792428420077 4.642980062918631 13.48909565288063 0.0
0.34423828125 81.83474785847315 4.638363935872601 13.526888205654272 0.0
0.345458984375 81.80167323661401 4.633733661055007 13.564593102331015 0.0
0.3466796875 81.76870037875436 4.629089347532081 13.602210273713588 0.0
0.347900390625 81.7358292438958 4.6244311042350645 13.639739651869176 0.0
0.34912109375 81.70305978991634 4.619759039957004 13.677181170126685 0.0
0.350341796875 81.67039197357647 4.615073263349577 13.714534763073981 0.0
0.3515625 81.63782575052501 4.610373882919939 13.751800366555086 0.0
0.352783203125 81.60536107530508 4.6056610070276065 13.788977917667346 0.0
0.35400390625 81.5729979013601 4.600934743881357 13.826067354758576 0.0
0.355224609375 81.5407361810397 4.596195201536162 13.863068617424164 0.0
0.3564453125 81.50857586560575 4.591442487890144 13.899981646504143 0.0
0.357666015625 81.47651690523823 4.586676710681563 13.936806384080247 0.0
0.35888671875 81.44455924904129 4.581897977485826 13.973542773472921 0.0
0.360107421875 81.41270284504921 4.577106395712528 14.010190759238306 0.0
0.361328125 81.38094764023234 4.572302072602515 14.046750287165196 0.0
0.362548828125 81.3492935805031 4.567485115224977 14.083221304271973 0.0
0.36376953125 81.31774061072198 4.56265563047457 14.119603758803498 0.0
0.364990234375 81.28628867470351 4.557813725068558 14.155897600227984 0.0
0.3662109375 81.25493771522223 4.552959505543989 14.192102779233842 0.0
0.367431640625 81.22368767401868 4.548093078254894 14.228219247726487 0.0
0.36865234375 81.19253849180541 4.543214549369511 14.264246958825137 0.0
0.369873046875 81.16149010827296 4.538324024867543 14.300185866859561 0.0
0.37109375 81.1305424620958 4.533421610537435 14.336035927366822 0.0
0.372314453125 81.0996954909384 4.528507411973685 14.371797097087978 0.0
0.37353515625 81.06894913146114 4.523581534574172 14.40746933396476 0.0
0.374755859375 81.03830331932632 4.518644083537521 14.443052597136237 0.0
0.3759765625 81.00775798920415 4.51369516386049 14.478546846935432 0.0
0.377197265625 80.97731307477875 4.508734880335383 14.513952044885935 0.0
0.37841796875 80.9469685087541 4.5037633375474915 14.549268153698478 0.0
0.379638671875 80.91672422286001 4.498780639872563 14.584495137267488 0.0
0.380859375 80.88658014785815 4.493786891474293 14.619632960667621 0.0
0.382080078125 80.85653621354795 4.488782196301847 14.654681590150265 0.0
0.38330078125 80.82659234877264 4.483766658087409 14.689640993140019 0.0
0.384521484375 80.79674848142515 4.478740380343751 14.724511138231158 0.0
0.3857421875 80.76700453845416 4.473703466361841 14.759291995184066 0.0
0.386962890625 80.73736044586995 4.468656019208462 14.79398353492165 0.0
0.38818359375 80.70781612875047 4.463598141723868 14.828585729525729 0.0
0.389404296875 80.67837151124719 4.458529936519468 14.863098552233401 0.0
0.390625 80.64902651659115 4.453451505975522 14.897521977433394 0.0
0.391845703125 80.6197810670988 4.448362952238885 14.931855980662387 0.0
0.39306640625 80.59063508417799 4.443264377220754 14.966100538601323 0.0
0.394287109375 80.56158848833392 4.438155882594463 15.000255629071676 0.0
0.3955078125 80.53264119917505 4.433037569793286 15.034321231031731 0.0
0.396728515625 80.50379313541897 4.427909540008275 15.068297324572814 0.0
0.39794921875 80.47504421489842 4.422771894186127 15.102183890915521 0.0
0.399169921875 80.44639435456708 4.4176247330270675 15.13598091240592 0.0
0.400390625 80.41784347050556 4.412468156982769 15.16968837251173 0.0
0.401611328125 80.38939147792728 4.407302266254288 15.203306255818495 0.0
0.40283203125 80.36103829118431 4.402127160790032 15.236834548025715 0.0
0.404052734375 80.33278382377331 4.396942940283755 15.27027323594299 0.0
0.4052734375 80.30462798834137 4.39174970417257 15.303622307486116 0.0
0.406494140625 80.27657069669188 4.386547551634994 15.336881751673182 0.0
0.40771484375 80.24861185979039 4.381336581589015 15.370051558620649 0.0
0.408935546875 80.22075138777046 4.376116892690191 15.403131719539392 0.0
0.41015625 80.19298918993952 4.37088858332976 15.436122226730754 0.0
0.411376953125 80.16532517478468 4.365651751632796 15.469023073582562 0.0
0.41259765625 80.13775924997854 4.360406495456368 15.501834254565136 0.0
0.413818359375 80.11029132238502 4.355152912387741 15.534555765227276 0.0
0.4150390625 80.0829212980652 4.349891099742595 15.567187602192243 0.0
0.416259765625 80.05564908228305 4.344621154563268 15.59972976315371 0.0
0.41748046875 80.02847457951128 4.339343173617028 15.632182246871718 0.0
0.418701171875 80.00139769343707 4.334057253394365 15.66454505316859 0.0
0.419921875 79.97441832696785 4.3287634901073115 15.696818182924858 0.0
0.421142578125 79.94753638223708 4.323461979687788 15.729001638075157 0.0
0.42236328125 79.92075176060993 4.3181528177859665 15.761095421604116 0.0
0.423583984375 79.89406436268912 4.312836099768669 15.793099537542224 0.0
0.4248046875 79.86747408832053 4.307511920717781 15.825013990961693 0.0
0.426025390625 79.84098083659902 4.302180375428693 15.856838787972306 0.0
0.42724609375 79.81458450587401 4.29684155840877 15.888573935717243 0.0
0.428466796875 79.78828499375528 4.291495563875834 15.920219442368907 0.0
0.4296875 79.7620821971186 4.286142485756686 15.951775317124731 0.0
0.430908203125 79.73597601211141 4.280782417685637 15.983241570202972 0.0
0.43212890625 79.70996633415845 4.275415453003072 16.014618212838496 0.0
0.433349609375 79.68405305796743 4.270041684754037 16.045905257278545 0.0
0.4345703125 79.65823607753467 4.264661205686843 16.07710271677851 0.0
0.435791015625 79.63251528615065 4.259274108251703 16.10821060559767 0.0
0.43701171875 79.6068905764057 4.253880484599385 16.139228938994933 0.0
0.438232421875 79.58136184019556 4.248480426579892 16.170157733224574 0.0
0.439453125 79.55592896872692 4.243074025741162 16.20099700553194 0.0
0.440673828125 79.53059185252306 4.237661373327797 16.231746774149165 0.0
0.44189453125 79.50535038142934 4.232242560279809 16.26240705829088 0.0
0.443115234375 79.48020444461876 4.22681767723139 16.292977878149873 0.0
0.4443359375 79.45515393059752 4.2213868145097075 16.323459254892807 0.0
0.445556640625 79.43019872721045 4.215950062133723 16.353851210655858 0.0
0.44677734375 79.4053387216466 4.210507509813027 16.384153768540404 0.0
0.447998046875 79.38057380044467 4.205059246946704 16.41436695260866 0.0
0.44921875 79.35590384949847 4.199605362622215 16.444490787879335 0.0
0.450439453125 79.33132875406245 4.194145945614304 16.474525300323265 0.0
0.45166015625 79.30684839875704 4.188681084383927 16.50447051685905 0.0
0.452880859375 79.28246266757414 4.183210867077202 16.534326465348677 0.0
0.4541015625 79.2581714438825 4.177735381524381 16.564093174593125 0.0
0.455322265625 79.23397461043318 4.1722547152388465 16.59377067432799 0.0
0.45654296875 79.20987204936482 4.1667689554161225 16.62335899521907 0.0
0.457763671875 79.18586364220911 4.161278188932918 16.652858168857986 0.0
0.458984375 79.16194926989608 4.15578250234618 16.682268227757746 0.0
0.460205078125 79.13812881275948 4.150281981892179 16.71158920534835 0.0
0.46142578125 79.11440215054205 4.144776713485607 16.74082113597235 0.0
0.462646484375 79.09076916240086 4.1392667827187015 16.769964054880443 0.0
0.4638671875 79.06722972691259 4.133752274860389 16.799017998227026 0.0
0.465087890625 79.0437837220788 4.128233274855448 16.827983003065757 0.0
0.46630859375 79.02043102533118 4.122709867323699 16.856859107345123 0.0
0.467529296875 78.99717151353681 4.117182136559201 16.88564634990399 0.0
0.46875 78.97400506300336 4.11165016652949 16.91434477046715 0.0
0.469970703125 78.95093154948432 4.106114040874815 16.942954409640866 0.0
0.47119140625 78.92795084818417 4.100573842907413 16.97147530890842 0.0
0.472412109375 78.90506283376357 4.09502965561079 16.999907510625643 0.0
0.4736328125 78.8822673803445 4.089481561639032 17.02825105801646 0.0
0.474853515625 78.85956436151545 4.083929643316133 17.056505995168408 0.0
0.47607421875 78.83695365033648 4.078373982635339 17.084672367028176 0.0
0.477294921875 78.81443511934435 4.0728146612585165 17.112750219397128 0.0
0.478515625 78.79200864055764 4.0672517605155365 17.140739598926825 0.0
0.479736328125 78.76967408548178 4.061685361403684 17.168640553114543 0.0
0.48095703125 78.74743132511414 4.056115544587078 17.196453130298796 0.0
0.482177734375 78.72528022994902 4.050542390396121 17.22417737965486 0.0
0.4833984375 78.70322066998277 4.0449659788269585 17.25181335119028 0.0
0.484619140625 78.68125251471866 4.0393863895409625 17.279361095740377 0.0
0.48583984375 78.65937563317199 4.033803701864231 17.306820664963784 0.0
0.487060546875 78.63758989387496 4.028217994787109 17.334192111337934 0.0
0.48828125 78.61589516488169 4.0226293469637255 17.36147548815459 0.0
0.489501953125 78.59429131377311 4.017037836711551 17.388670849515343 0.0
0.49072265625 78.57277820766191 4.011443542010972 17.415778250327126 0.0
0.491943359375 78.5513557131974 4.005846540504884 17.442797746297728 0.0
0.4931640625 78.53002369657041 4.000246909498303 17.4697293939313 0.0
0.494384765625 78.50878202351815 3.994644725957992 17.496573250523866 0.0
0.49560546875 78.48763055932906 3.989040066512111 17.523329374158838 0.0
0.496826171875 78.46656916884761 3.9834330074498805 17.549997823702515 0.0
0.498046875 78.44559771647913 3.9778236247212626 17.576578658799615 0.0
0.499267578125 78.42471606619458 3.9722119939366607 17.603071939868773 0.0
0.50048828125 78.40392408153532 3.9665981903666365 17.629477728098056 0.0
0.501708984375 78.38322162561788 3.9609822889416435 17.65579608544049 0.0
0.5029296875 78.36260856113867 3.9553643642517775 17.682027074609557 0.0
0.504150390625 78.34208475037872 3.9497444905465455 17.70817075907474 0.0
0.50537109375 78.32165005520834 3.944122741734649 17.73422720305702 0.0
0.506591796875 78.3013043370918 3.938499191383785 17.760196471524416 0.0
0.5078125 78.28104745709204 3.9328739127204657 17.7860786301875 0.0
0.509033203125 78.26087927587523 3.9272469786298494 17.81187374549493 0.0
0.51025390625 78.24079965371544 3.921618461655594 17.837581884628975 0.0
0.511474609375 78.22080845049923 3.91598843399972 17.863203115501058 0.0
0.5126953125 78.20090552573024 3.9103569675224974 17.888737506747283 0.0
0.513916015625 78.1810907385337 3.904724133742339 17.914185127723975 0.0
0.51513671875 78.16136394766107 3.8990900038357177 17.939546048503228 0.0
0.516357421875 78.14172501149447 3.8934546486370962 17.964820339868446 0.0
0.517578125 78.12217378805126 3.8878181386388704 17.990008073309895 0.0
0.518798828125 78.10271013498844 3.8821805439913306 18.015109321020255 0.0
0.52001953125 78.0833339096072 3.876541934502639 18.040124155890183 0.0
0.521240234375 78.06404496885735 3.870902379638817 18.06505265150387 0.0
0.5224609375 78.04484316934168 3.8652619485237545 18.0898948821346 0.0
0.523681640625 78.02572836732045 3.859620709939229 18.114650922740342 0.0
0.52490234375 78.00670041871578 3.853978732324941 18.139320848959297 0.0
0.526123046875 77.98775917911595 3.848336083778564 18.163904737105504 0.0
0.52734375 77.96890450377981 3.8426928320558096 18.188402664164407 0.0
0.528564453125 77.95013624764107 3.837049044570506 18.21281470778845 0.0
0.52978515625 77.93145426531265 3.8314047883946905 18.237140946292676 0.0
0.531005859375 77.91285841109098 3.8257601302587174 18.26138145865033 0.0
0.5322265625 77.8943485389602 3.820115136551379 18.28553632448845 0.0
0.533447265625 77.87592450259649 3.81446987332004 18.3096056240835 0.0
0.53466796875 77.85758615537227 3.8088244062707868 18.333589438356963 0.0
0.535888671875 77.83933335036045 3.803178800768589 18.357487848870992 0.0
0.537109375 77.82116594033853 3.797533121837476 18.381300937824022 0.0
0.538330078125 77.80308377779289 3.791887434160725 18.405028788046412 0.0
0.53955078125 77.78508671492288 3.7862418020810638 18.42867148299608 0.0
0.540771484375 77.76717460364497 3.780596289600886 18.452229106754164 0.0
0.5419921875 77.74934729559688 3.77495096038248 18.475701744020668 0.0
0.543212890625 77.73160464214163 3.7693058777482675 18.499089480110133 0.0
0.54443359375 77.71394649437168 3.7636611046810615 18.522392400947293 0.0
0.545654296875 77.69637270311294 3.758016703824329 18.545610593062772 0.0
0.546875 77.67888311892882 3.752372737482472 18.56874414358875 0.0
0.548095703125 77.66147759212427 3.7467292676211166 18.59179314025466 0.0
0.54931640625 77.64415597274974 3.741086355867419 18.614757671382886 0.0
0.550537109375 77.62691811060519 3.73544406351038 18.63763782588448 0.0
0.5517578125 77.60976385524403 3.72980245150117 18.66043369325485 0.0
0.552978515625 77.59269305597707 3.724161580453473 18.68314536356951 0.0
0.55419921875 77.57570556187642 3.718521510643834 18.705772927479792 0.0
0.555419921875 77.55880122177943 3.7128823020120225 18.728316476208594 0.0
0.556640625 77.54197988429253 3.7072440141614074 18.75077610154612 0.0
0.557861328125 77.52524139779509 3.701606706359342 18.77315189584563 0.0
0.55908203125 77.50858561044328 3.695970437537561 18.795443952019216 0.0
0.560302734375 77.4920123701739 3.6903352662925872 18.817652363533565 0.0
0.5615234375 77.47552152470816 3.6847012508861523 18.839777224405736 0.0
0.562744140625 77.45911292155546 3.6790684492456247 18.861818629198957 0.0
0.56396484375 77.44278640801717 3.673436918964452 18.883776673018417 0.0
0.565185546875 77.42654183119035 3.6678067173026094 18.905651451507072 0.0
0.56640625 77.4103790379715 3.662177901187065 18.92744306084147 0.0
0.567626953125 77.39429787506022 3.656550527212249 18.949151597727557 0.0
0.56884765625 77.37829818896296 3.6509246516405374 18.970777159396537 0.0
0.570068359375 77.3623798259966 3.645300330402743 18.99231984360069 0.0
0.5712890625 77.34654263229217 3.639677619098621 19.013779748609245 0.0
0.572509765625 77.33078645379842 3.634056572997379 19.035156973204234 0.0
0.57373046875 77.31511113628548 3.6284372470382 19.056451616676362 0.0
0.574951171875 77.29951652534837 3.622819695830775 19.0776637788209 0.0
0.576171875 77.28400246641064 3.617203973655845 19.098793559933558 0.0
0.577392578125 77.26856880472788 3.61159013446575 19.119841060806415 0.0
0.57861328125 77.25321538539124 3.6059782318849933 19.14080638272381 0.0
0.579833984375 77.23794205333097 3.600368319210808 19.161689627458266 0.0
0.5810546875 77.22274865331987 3.5947604494137377 19.182490897266433 0.0
0.582275390625 77.20763502997679 3.5891546751382237 19.203210294885025 0.0
0.58349609375 77.19260102777005 3.5835510487032027 19.223847923526776 0.0
0.584716796875 77.17764649102092 3.577949622102712 19.244403886876402 0.0
0.5859375 77.16277126390696 3.5723504470065035 19.264878289086578 0.0
0.587158203125 77.14797519046544 3.5667535747606687 19.285271234773923 0.0
0.58837890625 77.13325811459677 3.561159056388267 19.305582829014995 0.0
0.589599609375 77.11861988006777 3.555566942589969 19.3258131773423 0.0
0.5908203125 77.10406033051503 3.5499772837447017 19.345962385740314 0.0
0.592041015625 77.08957930944824 3.5443901299103073 19.3660305606415 0.0
0.59326171875 77.07517666025348 3.5388055308242055 19.386017808922368 0.0
0.594482421875 77.06085222619647 3.5332235359040673 19.405924237899505 0.0
0.595703125 77.04660585042589 3.527644194248494 19.425749955325657 0.0
0.596923828125 77.03243737597654 3.522067554637706 19.44549506938579 0.0
0.59814453125 77.01834664577262 3.5164936655342363 19.46515968869318 0.0
0.599365234375 77.00433350263089 3.510922575083637 19.48474392228552 0.0
0.6005859375 76.99039778926384 3.505354331115186 19.504247879621012 0.0
0.601806640625 76.97653934828293 3.4997889811426073 19.523671670574497 0.0
0.60302734375 76.96275802220165 3.4942265723647936 19.54301540543359 0.0
0.604248046875 76.94905365343868 3.488667151666541 19.56227919489481 0.0
0.60546875 76.935426084321 3.4831107656192852 19.581463150059758 0.0
0.606689453125 76.92187515708693 3.4775574604818495 19.60056738243126 0.0
0.60791015625 76.90840071388928 3.4720072822011963 19.61959200390957 0.0
0.609130859375 76.89500259679832 3.466460276413186 19.638537126788545 0.0
0.6103515625 76.88168064780486 3.460916488443346 19.65740286375185 0.0
0.611572265625 76.86843470882323 3.4553759633076377 19.676189327869192 0.0
0.61279296875 76.8552646216943 3.4498387457132407 19.69489663259252 0.0
0.614013671875 76.84217022818844 3.444304880059335 19.71352489175229 0.0
0.615234375 76.82915137000846 3.438774410437893 19.732074219553702 0.0
0.616455078125 76.8162078887926 3.433247380634477 19.750544730572972 0.0
0.61767578125 76.80333962611739 3.427723834129042 19.768936539753614 0.0
0.618896484375 76.79054642350059 3.422203814096746 19.78724976240272 0.0
0.6201171875 76.77782812240402 3.416687363408765 19.805484514187263 0.0
0.621337890625 76.7651845642365 3.4111745246331124 19.823640911130425 0.0
0.62255859375 76.75261559035667 3.4056653400354677 19.84171906960791 0.0
0.623779296875 76.74012104207574 3.4001598515800064 19.859719106344297 0.0
0.625 76.72770076066043 3.3946581009302386 19.87764113840938 0.0
0.626220703125 76.71535458733564 3.3891601294498517 19.895485283214548 0.0
0.62744140625 76.70308236328732 3.383665978203558 19.913251658509154 0.0
0.628662109375 76.69088392966518 3.378175687957948 19.930940382376907 0.0
0.6298828125 76.6787591275854 3.372689299182349 19.948551573232283 0.0
0.631103515625 76.6667077981334 3.3672068520496867 19.966085349816936 0.0
0.63232421875 76.65472978236653 3.361728386437356 19.98354183119614 0.0
0.633544921875 76.64282492131672 3.3562539419280917 20.00092113675521 0.0
0.634765625 76.63099305599319 3.3507835578108462 20.018223386195988 0.0
0.635986328125 76.61923402738506 3.3453172730816725 20.03544869953329 0.0
0.63720703125 76.60754767646401 3.339855126444611 20.0525971970914 0.0
0.638427734375 76.59593384418687 3.3343971563125794 20.069668999500564 0.0
0.6396484375 76.58439237149825 3.32894340080827 20.086664227693497 0.0
0.640869140625 76.57292309933307 3.3234938977650472 20.103583002901903 0.0
0.64208984375 76.56152586861914 3.3180486847278536 20.120425446653027 0.0
0.643310546875 76.55020052027972 3.3126077989541174 20.137191680766183 0.0
0.64453125 76.53894689523602 3.3071712774146635 20.15388182734933 0.0
0.645751953125 76.52776483440974 3.3017391567946306 20.17049600879565 0.0
0.64697265625 76.5166541787255 3.29631147349439 20.187034347780124 0.0
0.648193359375 76.5056147691134 3.2908882636304715 20.203496967256147 0.0
0.6494140625 76.49464644651138 3.285469563036487 20.219883990452143 0.0
0.650634765625 76.48374905186776 3.280055407264065 20.236195540868188 0.0
0.65185546875 76.47292242614357 3.2746458315837828 20.252431742272663 0.0
0.653076171875 76.462166410315 3.269240870986105 20.2685927186989 0.0
0.654296875 76.45148084537581 3.263840560182325 20.28467859444187 0.0
0.655517578125 76.44086557233965 3.258444933605509 20.300689494054847 0.0
0.65673828125 76.43032043224244 3.2530540254114437 20.316625542346117 0.0
0.657958984375 76.41984526614472 3.2476678694795877 20.33248686437569 0.0
0.6591796875 76.40943991513394 3.2422864994140252 20.34827358545202 0.0
0.660400390625 76.39910422032682 3.2369099485444224 20.363985831128748 0.0
0.66162109375 76.38883802287155 3.2315382499269876 20.379623727201455 0.0
0.662841796875 76.37864116395014 3.2261714363454335 20.395187399704422 0.0
0.6640625 76.36851348478064 3.220809540311943 20.410676974907418 0.0
0.665283203125 76.35845482661937 3.2154525940681373 20.42609257931249 0.0
0.66650390625 76.34846503076318 3.2101006295860457 20.44143433965077 0.0
0.667724609375 76.33854393855162 3.204753678569079 20.456702382879296 0.0
0.6689453125 76.32869139136913 3.1994117724530056 20.471896836177855 0.0
0.670166015625 76.31890723064724 3.1940749424069295 20.48701782694582 0.0
0.67138671875 76.3091912978667 3.188743219334269 20.50206548279902 0.0
0.672607421875 76.29954343455964 3.183416633873742 20.517039931566607 0.0
