0.0 75.0 25.0 0.0 0.0
0.0006103515625 74.88615553320403 24.809904536286933 0.3039399305090375 0.0
0.001220703125 74.77349632260416 24.621084335416974 0.6054193419788655 0.0
0.0018310546875 74.66201098240144 24.4335340512649 0.9044549663336631 0.0
0.00244140625 74.5516882429788 24.247248295197018 1.2010634618241927 0.0
0.0030517578125 74.44251694967706 24.06222163776758 1.495261412555375 0.0
0.003662109375 74.33448606158257 23.87844861038284 1.7870653280345978 0.0
0.0042724609375 74.22758465032639 23.695923706933247 2.0764916427403617 0.0
0.0048828125 74.12180189889499 23.51464138539415 2.36355671571086 0.0
0.0054931640625 74.01712710045238 23.334596069395502 2.648276830152107 0.0
0.006103515625 73.9135496571738 23.15578214976097 2.9306681930652276 0.0
0.0067138671875 73.8110590790906 22.97819398601688 3.210746934892524 0.0
0.00732421875 73.70964498294659 22.80182590787146 3.488529109181955 0.0
0.0079345703125 73.60929709106561 22.626672216664748 3.7640306922696443 0.0
0.008544921875 73.5100052302303 22.45272718678963 4.037267582980072 0.0
0.0091552734375 73.41175933057201 22.27998506708443 4.3082556023435705 0.0
0.009765625 73.31454942447182 22.108440082197397 4.577010493330787 0.0
0.0103759765625 73.21836564547262 21.938086433923623 4.843547920603764 0.0
0.010986328125 73.12319822720207 21.768918302514653 5.1078834702832765 0.0
0.0115966796875 73.02903750230655 21.60092984796132 5.370032649732115 0.0
0.01220703125 72.9358739013959 21.43411521125013 5.630010887353964 0.0
0.0128173828125 72.84369795199883 21.2684685155936 5.887833532407547 0.0
0.013427734375 72.75250027752928 21.103983867634977 6.143515854835727 0.0
0.0140380859375 72.66227159626305 20.940655358627694 6.397073045109239 0.0
0.0146484375 72.57300272032529 20.778477065589964 6.648520214084732 0.0
0.0152587890625 72.48468455468827 20.617443052434883 6.897872392876834 0.0
0.015869140625 72.39730809617966 20.457547371076423 7.145144532743911 0.0
0.0164794921875 72.31086443250103 20.298784062511704 7.390351504987246 0.0
0.01708984375 72.22534474125676 20.141147157879896 7.63350810086332 0.0
0.0177001953125 72.14074028899293 19.984630679498114 7.874629031508933 0.0
0.018310546875 72.05704243024644 19.82922864187469 8.113728927878846 0.0
0.0189208984375 71.97424260660411 19.67493505270016 8.350822340695705 0.0
0.01953125 71.8923323457717 19.52174391381634 8.585923740411932 0.0
0.0201416015625 71.81130326065283 19.369649222163815 8.819047517183334 0.0
0.020751953125 71.73114704843762 19.218644970708205 9.050207980854166 0.0
0.0213623046875 71.65185548970106 19.06872514934556 9.279419360953366 0.0
0.02197265625 71.57342044751107 18.9198837457872 9.506695806701723 0.0
0.0225830078125 71.49583386654592 18.77211474642435 9.732051387029713 0.0
0.023193359375 71.41908777222132 18.625412137172898 9.955500090605764 0.0
0.0238037109375 71.3431742698267 18.479769904298593 10.177055825874683 0.0
0.0244140625 71.26808554367092 18.33518203522303 10.396732421106032 0.0
0.0250244140625 71.19381385623707 18.191642519310722 10.61454362445219 0.0
0.025634765625 71.12035154734653 18.04914534863756 10.83050310401589 0.0
0.0262451171875 71.04769103333199 17.90768451874102 11.044624447926969 0.0
0.02685546875 70.97582480621944 17.767254029352383 11.256921164428155 0.0
0.0274658203125 70.90474543291909 17.627847885111276 11.467406681969615 0.0
0.028076171875 70.83444555442503 17.489460096262864 11.676094349312084 0.0
0.0286865234375 70.76491788502369 17.35208467933794 11.882997435638341 0.0
0.029296875 70.69615521151088 17.215715657816258 12.088129130672835 0.0
0.0299072265625 70.62815039241737 17.080347062773374 12.291502544809237 0.0
0.030517578125 70.56089635724298 16.94597293351125 12.49313070924574 0.0
0.0311279296875 70.49438610569914 16.812587318172962 12.69302657612787 0.0
0.03173828125 70.42861270695957 16.680184274341745 12.891203018698656 0.0
0.0323486328125 70.36356929891939 16.54875786962466 13.087672831455922 0.0
0.032958984375 70.29924908746224 16.418302182221165 13.282448730316556 0.0
0.0335693359375 70.2356453457356 16.288811301476837 13.475543352787524 0.0
0.0341796875 70.17275141343396 16.160279328422522 13.666969258143483 0.0
0.0347900390625 70.11056069609 16.032700376299168 13.856738927610799 0.0
0.035400390625 70.0490666643736 15.906068571068593 14.044864764557783 0.0
0.0360107421875 69.98826285339852 15.780378051910452 14.231359094691 0.0
0.03662109375 69.92814286203689 15.655622971705629 14.416234166257446 0.0
0.0372314453125 69.86870035224118 15.531797497506332 14.599502150252466 0.0
0.037841796875 69.80992904837368 15.40889581099309 14.781175140633202 0.0
0.0384521484375 69.75182273654357 15.28691210891894 14.961265154537456 0.0
0.0390625 69.6943752639512 15.165840603540993 15.139784132507778 0.0
0.0396728515625 69.63758053823969 15.045675523039636 15.316743938720643 0.0
0.040283203125 69.58143252685382 14.926411111925603 15.492156361220555 0.0
0.0408935546875 69.52592525640593 14.808041631435113 15.666033112158928 0.0
0.04150390625 69.47105281204904 14.690561359913326 15.838385828037607 0.0
0.0421142578125 69.41680933685677 14.573964593186314 16.009226069956878 0.0
0.042724609375 69.36318903121037 14.458245644921773 16.178565323867826 0.0
0.0433349609375 69.31018615219237 14.343398846978687 16.3464150008289 0.0
0.0439453125 69.25779501298724 14.229418549746153 16.51278643726657 0.0
0.0445556640625 69.2060099822885 14.116299122471563 16.677690895239902 0.0
0.045166015625 69.15482548371264 14.00403495357836 16.841139562708968 0.0
0.0457763671875 69.10423599521948 13.892620450973562 17.003143553806925 0.0
0.04638671875 69.05423604853907 13.78205004234524 17.163713909115668 0.0
0.0469970703125 69.00482022860491 13.672318175450167 17.322861595944893 0.0
0.047607421875 68.95598317299367 13.563419318391798 17.48059750861451 0.0
0.0482177734375 68.90771957137096 13.455347959888803 17.636932468740213 0.0
0.048828125 68.8600241649435 13.348098609534302 17.791877225522175 0.0
0.0494384765625 68.81289174591728 13.241665798046018 17.94544245603667 0.0
0.050048828125 68.7663171569619 13.136044077507496 18.09763876553057 0.0
0.0506591796875 68.72029529068078 13.03122802160059 18.248476687718593 0.0
0.05126953125 68.6748210890874 12.927212225829377 18.397966685083183 0.0
0.0518798828125 68.62988954308737 12.823991307735668 18.546119149176924 0.0
0.052490234375 68.58549569196629 12.721559907106293 18.69294440092738 0.0
0.0531005859375 68.54163462288335 12.619912686172325 18.83845269094429 0.0
0.0537109375 68.4983014703706 12.51904432980039 18.98265419982897 0.0
0.0543212890625 68.45549141583786 12.41894954567624 19.12555903848587 0.0
0.054931640625 68.41319968708306 12.319623064480746 19.267177248436155 0.0
0.0555419921875 68.37142155780826 12.221059640058456 19.407518802133247 0.0
0.05615234375 68.33015234714085 12.123254049578877 19.54659360328023 0.0
0.0567626953125 68.28938741916032 12.026201093690629 19.684411487149013 0.0
0.057373046875 68.24912218243016 11.92989559666862 19.82098222090119 0.0
0.0579833984375 68.2093520895351 11.834332406554392 19.956315503910467 0.0
0.05859375 68.17007263662354 11.739506395289764 20.090420968086647 0.0
0.0592041015625 68.131279362955 11.645412458843934 20.22330817820102 0.0
0.059814453125 68.09296785045268 11.552045517334168 20.3549866322131 0.0
0.0604248046875 68.05513372326108 11.459400515140203 20.485465761598668 0.0
0.06103515625 68.01777264730845 11.36747242101252 20.614754931678977 0.0
0.0616455078125 67.98088032987424 11.276256228174594 20.74286344195111 0.0
0.062255859375 67.94445251916132 11.185746954419264 20.86980052641936 0.0
0.0628662109375 67.90848500387295 11.095939642199351 20.995575353927638 0.0
0.0634765625 67.87297361279458 11.006829358712645 21.12019702849272 0.0
0.0640869140625 67.83791421438018 10.91841119598138 21.24367458963839 0.0
0.064697265625 67.80330271634328 10.830680270926319 21.366017012730346 0.0
0.0653076171875 67.76913506525257 10.743631725435582 21.4872332093118 0.0
0.06591796875 67.73540724613191 10.657260726428312 21.607332027439725 0.0
0.0665283203125 67.70211528206495 10.571562465913305 21.726322252021696 0.0
0.067138671875 67.669255233804 10.486532161042714 21.84421260515325 0.0
0.0677490234375 67.63682319938331 10.402165054160946 21.96101174645569 0.0
0.068359375 67.6048153137368 10.318456412848846 22.076728273414318 0.0
0.0689697265625 67.57322774831968 10.235401529963283 22.191370721716986 0.0
0.069580078125 67.54205671073474 10.15299572367225 22.304947565592965 0.0
0.0701904296875 67.51129844436237 10.071234337485556 22.417467218152026 0.0
0.07080078125 67.48094922799497 9.990112740281257 22.528938031723726 0.0
0.0714111328125 67.45100537547528 9.909626326327867 22.639368298196803 0.0
0.072021484375 67.42146323533878 9.829770515302501 22.748766249358667 0.0
0.0726318359375 67.39231919046001 9.75054075230501 22.857140057234915 0.0
0.0732421875 67.36356965770288 9.67193250786822 22.964497834428837 0.0
0.0738525390625 67.33521108757473 9.593941277964358 23.070847634460844 0.0
0.074462890625 67.30723996388437 9.516562584007769 23.1761974521078 0.0
0.0750732421875 67.27965280340375 9.439791972853993 23.280555223742194 0.0
0.07568359375 67.25244615553352 9.363625016795316 23.383928827671106 0.0
0.0762939453125 67.22561660197213 9.28805731355286 23.486326084474943 0.0
0.076904296875 67.19916075638875 9.213084486265299 23.58775475734589 0.0
0.0775146484375 67.17307526409961 9.138702183474297 23.68822255242604 0.0
0.078125 67.14735680174806 9.064906079106743 23.78773711914514 0.0
0.0787353515625 67.12200207698811 8.991691872453856 23.886306050557977 0.0
0.079345703125 67.09700782817141 8.919055288147243 23.983936883681288 0.0
0.0799560546875 67.07237082403773 8.846992076132 24.080637099830213 0.0
0.08056640625 67.0480878634088 8.77549801163691 24.17641412495424 0.0
0.0811767578125 67.02415577488553 8.704568895141826 24.271275329972585 0.0
0.081787109375 67.0005714165486 8.63420055234231 24.365228031109034 0.0
0.0823974609375 66.97733167566221 8.564388834111602 24.45827949022612 0.0
0.0830078125 66.95443346838125 8.495129616459982 24.550436915158695 0.0
0.0836181640625 66.93187373946151 8.426418800491598 24.641707460046824 0.0
0.084228515625 66.90964946197315 8.358252312358829 24.73209822566796 0.0
0.0848388671875 66.88775763701729 8.290626103214253 24.821616259768398 0.0
0.08544921875 66.86619529344571 8.223536149160275 24.910268557393948 0.0
0.0860595703125 66.84495948758361 8.156978451196482 24.99806206121985 0.0
0.086669921875 66.8240473029553 8.090949035164805 25.085003661879842 0.0
0.0872802734375 66.80345585001302 8.025443951692518 25.171100198294397 0.0
0.087890625 66.78318226586867 7.96045927613316 25.256358457998097 0.0
0.0885009765625 66.7632237140284 7.895991108505433 25.3407851774661 0.0
0.089111328125 66.74357738413012 7.8320355734301215 25.424387042439694 0.0
0.0897216796875 66.72424049168389 7.768588820065117 25.507170688250934 0.0
0.09033203125 66.7052102778151 7.7056470220385735 25.58914270014627 0.0
0.0909423828125 66.68648400901044 7.643206377380264 25.670309613609227 0.0
0.091552734375 66.66805897686666 7.581263108451201 25.75067791468208 0.0
0.0921630859375 66.64993249784192 7.51981346187155 25.830254040286466 0.0
0.0927734375 66.63210191301002 7.458853708446909 25.909044378543 0.0
0.0933837890625 66.61456458781716 7.39838014309299 25.987055269089787 0.0
0.093994140625 66.5973179118413 7.33838908475877 26.064293003399857 0.0
0.0946044921875 66.58035929855428 7.27887687634813 26.14076382509752 0.0
0.09521484375 66.5636861850863 7.219839884640068 26.216473930273565 0.0
0.0958251953125 66.54729603199307 7.161274500207498 26.291429467799368 0.0
0.096435546875 66.53118632302542 7.103177137334707 26.3656365396398 0.0
0.0970458984375 66.51535456490143 7.045544233933493 26.439101201165006 0.0
0.09765625 66.4997982870809 6.98837225145805 26.511829461460966 0.0
0.0982666015625 66.48451504154241 6.931657674818624 26.583827283638893 0.0
0.098876953125 66.46950240256254 6.87539701229399 26.655100585143398 0.0
0.0994873046875 66.4547579664977 6.819586795442801 26.725655238059428 0.0
0.10009765625 66.44027935156812 6.764223579013824 26.795497069417973 0.0
0.1007080078125 66.42606419764427 6.7093039408551345 26.864631861500524 0.0
0.101318359375 66.41211016603538 6.654824481822284 26.933065352142258 0.0
0.1019287109375 66.39841493928047 6.6007818256854875 27.00080323503396 0.0
0.1025390625 66.3849762209414 6.547172619035873 27.067851160022645 0.0
0.1031494140625 66.37179173539819 6.493993531190816 27.1342147334109 0.0
0.103759765625 66.35885922764658 6.441241254098416 27.19989951825491 0.0
0.1043701171875 66.34617646309762 6.38891250224112 27.26491103466116 0.0
0.10498046875 66.3337412273795 6.337004012538563 27.32925476008183 0.0
0.1055908203125 66.32155132614143 6.285512544249628 27.392936129608838 0.0
0.106201171875 66.30960458485957 6.234434878873776 27.45596053626655 0.0
0.1068115234375 66.29789884864509 6.18376782005167 27.518333331303133 0.0
0.107421875 66.2864319820542 6.133508193465133 27.580059824480557 0.0
0.1080322265625 66.27520186890021 6.083652846736461 27.64114528436322 0.0
0.108642578125 66.26420641206757 6.034198649327127 27.701594938605194 0.0
0.1092529296875 66.25344353332787 5.985142492435902 27.761413974236124 0.0
0.10986328125 66.24291117315776 5.9364812888964265 27.820607537945698 0.0
0.1104736328125 66.23260729055887 5.88821197307426 27.879180736366752 0.0
0.111083984375 66.22252986287948 5.84033150076343 27.937138636356973 0.0
0.1116943359375 66.21267688563819 5.792836849082508 27.99448626527919 0.0
0.1123046875 66.20304637234936 5.745725016370256 28.05122861128027 0.0
0.1129150390625 66.19363635435046 5.698993022080843 28.10737062356859 0.0
0.113525390625 66.18444488063112 5.652637906678674 28.162917212690093 0.0
0.1141357421875 66.17547001766408 5.606656731532854 28.217873250802946 0.0
0.11474609375 66.16670984923785 5.561046578811306 28.272243571950735 0.0
0.1153564453125 66.15816247629105 5.51580455137457 28.32603297233426 0.0
0.115966796875 66.14982601674868 5.4709277726693095 28.3792462105819 0.0
0.1165771484375 66.14169860535982 5.426413386621535 28.43188800801853 0.0
0.1171875 66.1337783935373 5.382258557529585 28.483963048933003 0.0
0.1177978515625 66.12606354919879 5.338460469956876 28.535475980844218 0.0
0.118408203125 66.11855225660973 5.29501632862443 28.586431414765716 0.0
0.1190185546875 66.11124271622779 5.2519233583032365 28.636833925468853 0.0
0.11962890625 66.10413314454894 5.209178803706421 28.68668805174452 0.0
0.1202392578125 66.09722177395517 5.166779929381282 28.735998296663436 0.0
0.120849609375 66.09050685256373 5.12472401960119 28.784769127834963 0.0
0.1214599609375 66.083986644078 5.083008378257376 28.833004977664515 0.0
0.1220703125 66.07765942763977 5.041630328750629 28.880710243609492 0.0
0.1226806640625 66.07152349768322 5.000587213882913 28.927889288433768 0.0
0.123291015625 66.06557716379022 4.959876395748933 28.97454644046075 0.0
0.1239013671875 66.0598187505473 4.919495255627654 29.020685993824962 0.0
0.12451171875 66.05424659740389 4.879441193873797 29.06631220872222 0.0
0.1251220703125 66.04885905853226 4.839711629809329 29.11142931165832 0.0
0.125732421875 66.04365450268864 4.800304001614954 29.15604149569631 0.0
0.1263427734375 66.03863131307597 4.761215766221637 29.2001529207023 0.0
0.126953125 66.03378788720791 4.722444399202152 29.243767713589843 0.0
0.1275634765625 66.02912263677436 4.683987394662692 29.286889968562853 0.0
0.128173828125 66.02463398750825 4.645842265134543 29.329523747357104 0.0
0.1287841796875 66.02032037905379 4.608006541465836 29.37167307948028 0.0
0.12939453125 66.01618026483592 4.570477772713396 29.413341962450584 0.0
0.1300048828125 66.0122121119313 4.53325352603469 29.45453436203391 0.0
0.130615234375 66.00841440094041 4.496331386579907 29.495254212479594 0.0
0.1312255859375 66.00478562586103 4.459708957384159 29.53550541675472 0.0
0.1318359375 66.00132429396308 4.423383859259829 29.575291846777006 0.0
0.1324462890625 65.99802892566458 4.38735373068908 29.614617343646255 0.0
0.133056640625 65.994898054409 4.351616227716524 29.653485717874393 0.0
0.1336669921875 65.99193022654377 4.316169023842075 29.691900749614074 0.0
0.13427734375 65.98912400120005 4.28100980991399 29.729866188885875 0.0
0.1348876953125 65.98647795017374 4.246136294022108 29.76738575580407 0.0
0.135498046875 65.98399065780761 4.211546201391301 29.80446314080101 0.0
0.1361083984375 65.98166072087471 4.177237274275148 29.841102004850057 0.0
0.13671875 65.97948674846292 4.143207271849835 29.87730597968716 0.0
0.1373291015625 65.97746736186062 4.109453970108298 29.91307866803099 0.0
0.137939453125 65.9756011944436 4.075975161754609 29.9484236438017 0.0
0.1385498046875 65.973886891563 4.04276865609863 29.983344452338276 0.0
0.13916015625 65.97232311043447 4.009832278950923 30.017844610614514 0.0
0.1397705078125 65.97090852002837 3.97716387251794 30.051927607453603 0.0
0.140380859375 65.9696418009611 3.9447612952974977 30.085596903741315 0.0
0.1409912109375 65.96852164538754 3.9126224219745374 30.11885593263784 0.0
0.1416015625 65.9675467568945 3.8807451433171893 30.151708099788223 0.0
0.1422119140625 65.96671585039533 3.849127366073138 30.184156783531456 0.0
0.142822265625 65.96602765202545 3.8177670128663066 30.216205335108175 0.0
0.1434326171875 65.96548089903904 3.7866620220938545 30.247857078867032 0.0
0.14404296875 65.96507433970673 3.755810347823509 30.279115312469678 0.0
0.1446533203125 65.96480673321427 3.7252099596912256 30.30998330709442 0.0
0.145263671875 65.96467684956221 3.69485884279919 30.34046430763852 0.0
0.1458740234375 65.9646834694666 3.664754997614167 30.37056153291915 0.0
0.146484375 65.9648253842607 3.6348964398662007 30.400278175873023 0.0
0.1470947265625 65.96510139579759 3.6052812004476706 30.429617403754676 0.0
0.147705078125 65.96551031635379 3.575907325312716 30.458582358333437 0.0
0.1483154296875 65.96605096853385 3.546772875377022 30.48717615608907 0.0
0.14892578125 65.96672218517585 3.5178759264179864 30.515401888406103 0.0
0.1495361328125 65.96752280925784 3.489214568975261 30.543262621766843 0.0
0.150146484375 65.96845169380518 3.460786908251678 30.570761397943087 0.0
0.1507568359375 65.96950770179885 3.4325910640145634 30.597901234186534 0.0
0.1513671875 65.9706897060846 3.404625170497446 30.624685123417894 0.0
0.1519775390625 65.97199658928305 3.376887376302161 30.651116034414724 0.0
0.152587890625 65.97342724370063 3.349375844301353 30.67719691199796 0.0
0.1531982421875 65.97498057124136 3.3220887515413904 30.702930677217186 0.0
0.15380859375 65.97665548331963 3.295024289145682 30.728320227534624 0.0
0.1544189453125 65.97845090077367 3.2681806622184086 30.753368437007857 0.0
0.155029296875 65.98036575377996 3.241556089748673 30.778078156471295 0.0
0.1556396484375 65.9823989817685 3.2151488045150662 30.802452213716368 0.0
0.15625 65.98454953333878 3.1889570529906566 30.8264934136705 0.0
0.1568603515625 65.98681636617673 3.162979095248407 30.85020453857481 0.0
0.157470703125 65.98919844697234 3.1372132048670185 30.873588348160588 0.0
0.1580810546875 65.99169475133822 3.111657668837206 30.896647579824528 0.0
0.15869140625 65.99430426372878 3.086310787468409 30.919384948802758 0.0
0.1593017578125 65.99702597736038 3.0611708742959363 30.941803148343624 0.0
0.159912109375 65.99985889413212 3.036236255988553 30.963904849879267 0.0
0.1605224609375 66.00280202454744 3.0115052722565077 30.98569270319599 0.0
0.1611328125 66.00585438763649 2.9869762757600014 31.00716933660344 0.0
0.1617431640625 66.00901501087927 2.9626476320181037 31.028337357102558 0.0
0.162353515625 66.01228293012944 2.938517719318117 31.049199350552367 0.0
0.1629638671875 66.01565718953897 2.9145849286253895 31.06975788183557 0.0
0.16357421875 66.0191368414834 2.890847663493576 31.090015495022957 0.0
0.1641845703125 66.02272094648792 2.8673043399753575 31.109974713536655 0.0
0.164794921875 66.02640857315413 2.843953386533609 31.129638040312198 0.0
0.1654052734375 66.03019879808747 2.8207932439530268 31.149007957959444 0.0
0.166015625 66.03409070582539 2.79782236525221 31.168086928922342 0.0
0.1666259765625 66.0380833887662 2.775039215596201 31.18687739563754 0.0
0.167236328125 66.0421759470986 2.7524422722094855 31.20538178069186 0.0
0.1678466796875 66.04636748873187 2.7300300242894515 31.223602486978617 0.0
0.16845703125 66.05065712922678 2.70780097292031 31.241541897852855 0.0
0.1690673828125 66.05504399172706 2.6857536309874765 31.2592023772854 0.0
0.169677734375 66.05952720689167 2.663886523092417 31.27658627001585 0.0
0.1702880859375 66.06410591282759 2.6421981854679553 31.293695901704407 0.0
0.1708984375 66.06877925502327 2.6206871658940436 31.310533579082634 0.0
0.1715087890625 66.07354638628283 2.5993520236139993 31.327101590103116 0.0
0.172119140625 66.07840646666074 2.5781913292512053 31.343402204088004 0.0
0.1727294921875 66.08335866339718 2.5572036647262752 31.359437671876492 0.0
0.17333984375 66.08840215085405 2.5363876231746834 31.37521022597121 0.0
0.1739501953125 66.09353611045155 2.5157418088648607 31.39072208068353 0.0
0.174560546875 66.09875973060535 2.4952648371167565 31.40597543227784 0.0
0.1751708984375 66.10407220666437 2.4749553342208643 31.42097245911471 0.0
0.17578125 66.1094727408492 2.4548119373577153 31.435715321793033 0.0
0.1763916015625 66.114960542191 2.4348332945178344 31.45020616329111 0.0
0.177001953125 66.12053482647109 2.415018064422164 31.464447109106697 0.0
0.1776123046875 66.126194816161 2.3953649164429516 31.478440267395996 0.0
0.17822265625 66.13193974036321 2.375872530525101 31.49218772911164 0.0
0.1788330078125 66.13776883475232 2.3565395971079903 31.505691568139643 0.0
0.179443359375 66.14368134151688 2.337364817047752 31.51895384143532 0.0
0.1800537109375 66.14967650930171 2.3183469015400173 31.53197658915822 0.0
0.1806640625 66.15575359315079 2.299484572043122 31.544761834806035 0.0
0.1812744140625 66.16191185445065 2.280776560201776 31.557311585347517 0.0
0.181884765625 66.16815056087437 2.262221607771196 31.569627831354385 0.0
0.1824951171875 66.17446898632598 2.243818466541695 31.581712547132277 0.0
0.18310546875 66.18086641088553 2.225565898263737 31.593567690850687 0.0
0.1837158203125 66.18734212075455 2.207462674573447 31.60519520467195 0.0
0.184326171875 66.19389540820212 2.189507576918582 31.616597014879243 0.0
0.1849365234375 66.20052557151136 2.171699396484961 31.62777503200363 0.0
0.185546875 66.20723191492645 2.1540369341233476 31.638731150950154 0.0
0.1861572265625 66.2140137486002 2.1365190002767935 31.649467251122967 0.0
0.186767578125 66.220870388542 2.1191444149084337 31.659985196549524 0.0
0.1873779296875 66.22780115656639 2.1019120074297377 31.67028683600383 0.0
0.18798828125 66.23480538024198 2.0848206166292105 31.68037400312876 0.0
0.1885986328125 66.24188239284094 2.0678690906015498 31.69024851655746 0.0
0.189208984375 66.2490315332889 2.0510562866772495 31.699912180033802 0.0
0.1898193359375 66.25625214611534 2.0343810713526556 31.709366782531948 0.0
0.1904296875 66.26354358140448 2.0178423202204683 31.718614098374996 0.0
0.1910400390625 66.27090519474653 2.0014389179006917 31.72765588735272 0.0
0.191650390625 66.2783363471895 1.9851697579720302 31.73649389483842 0.0
0.1922607421875 66.28583640519135 1.9690337429037263 31.745129851904867 0.0
0.19287109375 66.29340474057271 1.9530297839878445 31.753565475439377 0.0
0.1934814453125 66.30104073046994 1.9371568012719949 31.761802468258 0.0
0.194091796875 66.3087437572886 1.921413723492497 31.769842519218834 0.0
0.1947021484375 66.31651320865748 1.9057994880079832 31.77768730333446 0.0
0.1953125 66.32434847738296 1.8903130407334374 31.78533848188354 0.0
0.1959228515625 66.33224896140372 1.8749533360746724 31.792797702521533 0.0
0.196533203125 66.3402140637461 1.8597193368632383 31.80006659939058 0.0
0.1971435546875 66.34824319247964 1.8446100142917652 31.80714679322852 0.0
0.19775390625 66.3563357606731 1.829624347849737 31.81403989147709 0.0
0.1983642578125 66.36449118635096 1.814761325259694 31.820747488389284 0.0
0.198974609375 66.3727088924502 1.800019942413863 31.827271165135866 0.0
0.1995849609375 66.38098830677762 1.7853992033112156 31.833612489911093 0.0
0.2001953125 66.3893288619674 1.7708981199949478 31.83977301803759 0.0
0.2008056640625 66.39772999543912 1.7565157124903856 31.845754292070435 0.0
0.201416015625 66.40619114935622 1.7422510087433096 31.85155784190042 0.0
0.2020263671875 66.41471177058472 1.7281030445587 31.857185184856526 0.0
0.20263671875 66.42329131065244 1.714070863539899 31.862637825807596 0.0
0.2032470703125 66.43192922570853 1.7001535170281892 31.867917257263226 0.0
0.203857421875 66.4406249764833 1.6863500640427864 31.87302495947386 0.0
0.2044677734375 66.4493780282486 1.6726595712212442 31.87796240053011 0.0
0.205078125 66.45818785077839 1.6590811127602696 31.882731036461305 0.0
0.2056884765625 66.46705391830973 1.6456137703569471 31.88733231133328 0.0
0.206298828125 66.4759757095042 1.6322566331503705 31.891767657345397 0.0
0.2069091796875 66.4849527074095 1.619008797663679 31.896038494926785 0.0
0.20751953125 66.4939843994216 1.6058693677464961 31.90014623283187 0.0
0.2081298828125 66.50307027724708 1.5928374545177721 31.90409226823513 0.0
0.208740234375 66.51220983686584 1.5799121763090231 31.907877986825117 0.0
0.2093505859375 66.52140257849426 1.5670926586079699 31.911504762897746 0.0
0.2099609375 66.53064800654856 1.5543780340025717 31.914973959448844 0.0
0.2105712890625 66.53994562960854 1.5417674421254535 31.918286928265978 0.0
0.211181640625 66.54929496038167 1.5292600295987262 31.921445010019568 0.0
0.2117919921875 66.5586955156675 1.5168549499791961 31.924449534353272 0.0
0.21240234375 66.56814681632233 1.504551363703962 31.927301819973678 0.0
0.2130126953125 66.57764838722429 1.4923484380363996 31.930003174739273 0.0
0.213623046875 66.58719975723871 1.4802453470125287 31.93255489574872 0.0
0.2142333984375 66.59680045918375 1.4682412713877644 31.934958269428435 0.0
0.21484375 66.60645002979642 1.4563353985840464 31.93721457161949 0.0
0.2154541015625 66.6161480096988 1.444526922637348 31.939325067663805 0.0
0.216064453125 66.62589394336472 1.4328150441455618 31.941291012489682 0.0
0.2166748046875 66.63568737908655 1.421198970216758 31.94311365069665 0.0
0.21728515625 66.6455278689425 1.4096779144178164 31.944794216639643 0.0
0.2178955078125 66.655414968764 1.3982510967234292 31.946333934512516 0.0
0.218505859375 66.66534823810359 1.3869177434654703 31.947734018430896 0.0
0.2191162109375 66.67532724020285 1.375677087282733 31.94899567251438 0.0
0.2197265625 66.68535154196086 1.3645283670710313 31.950120090968067 0.0
0.2203369140625 66.6954207139028 1.3534708279336631 31.951108458163482 0.0
0.220947265625 66.70553433014891 1.3425037211322346 31.95196194871881 0.0
0.2215576171875 66.71569196838358 1.3316263040378424 31.952681727578526 0.0
0.22216796875 66.72589320982496 1.3208378400826133 31.953268950092372 0.0
0.2227783203125 66.73613763919462 1.3101375987115966 31.953724762093728 0.0
0.223388671875 66.7464248446876 1.2995248553350107 31.95405029997734 0.0
0.2239990234375 66.75675441794267 1.2889988912808383 31.95424669077644 0.0
0.224609375 66.76712595401294 1.2785589937477715 31.954315052239245 0.0
0.2252197265625 66.77753905133659 1.2682044557585026 31.95425649290486 0.0
0.225830078125 66.78799331170804 1.257934576113359 31.954072112178558 0.0
0.2264404296875 66.79848834024921 1.247748659344281 31.95376300040647 0.0
0.22705078125 66.80902374538114 1.2376460156691405 31.95333023894968 0.0
0.2276611328125 66.81959913879585 1.2276259609463955 31.95277490025772 0.0
0.228271484375 66.83021413542839 1.217687816630085 31.952098047941487 0.0
0.2288818359375 66.84086835342923 1.2078309097251547 31.95130073684558 0.0
0.2294921875 66.85156141413681 1.1980545727431162 31.95038401312004 0.0
0.2301025390625 66.8622929420504 1.1883581436580382 31.94934891429153 0.0
0.230712890625 66.87306256480315 1.1787409658628631 31.948196469333954 0.0
0.2313232421875 66.88386991313543 1.1692023881260527 31.946927698738484 0.0
0.23193359375 66.89471462086836 1.1597417645485566 31.945543614583055 0.0
0.2325439453125 66.90559632487759 1.1503584545211036 31.94404522060128 0.0
0.233154296875 66.91651466506734 1.141051822681814 31.94243351225082 0.0
0.2337646484375 66.92746928434462 1.1318212388741293 31.940709476781215 0.0
0.234375 66.93845982859375 1.122666078105059 31.93887409330116 0.0
0.2349853515625 66.949485946651 1.113585720503742 31.936928332845227 0.0
0.235595703125 66.96054729027955 1.1045795512803207 31.934873158440094 0.0
0.2362060546875 66.97164351414465 1.0956469606851247 31.93270952517019 0.0
0.23681640625 66.98277427578896 1.0867873439681646 31.93043838024284 0.0
0.2374267578125 66.99393923560814 1.0780001013389309 31.928060663052893 0.0
0.238037109375 67.00513805682667 1.069284637926499 31.9255773052468 0.0
0.2386474609375 67.01637040547382 1.0606403637399366 31.922989230786207 0.0
0.2392578125 67.02763595035994 1.0520666936290108 31.920297356011016 0.0
0.2398681640625 67.03893436305282 1.0435630472451958 31.917502589701947 0.0
0.240478515625 67.0502653178544 1.0351288490029764 31.914605833142588 0.0
0.2410888671875 67.06162849177757 1.0267635280414478 31.91160798018095 0.0
0.24169921875 67.07302356452324 1.018466518186207 31.908509917290523 0.0
0.2423095703125 67.08445021845759 1.0102372579115362 31.90531252363084 0.0
0.242919921875 67.09590813858954 1.002075190302876 31.902016671107553 0.0
0.2435302734375 67.10739701254836 0.9939797630195852 31.898623224432015 0.0
0.244140625 67.11891653056158 0.9859504282579868 31.89513304118039 0.0
0.2447509765625 67.13046638543297 0.977986642714697 31.891546971852286 0.0
0.245361328125 67.14204627252082 0.9700878675502367 31.8878658599289 0.0
0.2459716796875 67.15365588971632 0.9622535683529222 31.884090541930714 0.0
0.24658203125 67.16529493742223 0.9544832151030347 31.88022184747469 0.0
0.2471923828125 67.17696311853165 0.9467762821372654 31.876260599331044 0.0
0.247802734375 67.18866013840699 0.9391322481134351 31.87220761347953 0.0
0.2484130859375 67.20038570485919 0.9315505959754864 31.868063699165276 0.0
0.2490234375 67.21213952812704 0.9240308129187463 31.863829658954163 0.0
0.2496337890625 67.22392132085672 0.916572390355458 31.85950628878777 0.0
0.250244140625 67.23573079808152 0.9091748238805791 31.85509437803785 0.0
0.2508544921875 67.24756767720172 0.901837613237846 31.85059470956039 0.0
0.25146484375 67.25943167796466 0.8945602622861001 31.846008059749202 0.0
0.2520751953125 67.27132252244498 0.8873422789658774 31.841335198589103 0.0
0.252685546875 67.28323993502504 0.8801831752662564 31.83657688970866 0.0
0.2532958984375 67.2951836423755 0.8730824671919649 31.83173389043248 0.0
0.25390625 67.30715337343608 0.8660396747307422 31.826806951833127 0.0
0.2545166015625 67.31914885939644 0.8590543218209566 31.821796818782556 0.0
0.255126953125 67.33116983367731 0.8521259363194753 31.816704230003168 0.0
0.2557373046875 67.34321603191172 0.8452540499697845 31.811529918118442 0.0
0.25634765625 67.35528719192644 0.8384381983703598 31.806274609703145 0.0
0.2569580078125 67.36738305372351 0.8316779209432834 31.80093902533315 0.0
0.257568359375 67.37950335946202 0.8249727609031071 31.795523879634825 0.0
0.2581787109375 67.39164785343996 0.8183222652259593 31.790029881334036 0.0
0.2587890625 67.4038162820763 0.8117259846188941 31.78445773330475 0.0
0.2593994140625 67.41600839389322 0.8051834734894815 31.778808132617247 0.0
0.260009765625 67.42822393949841 0.7986942899156357 31.7730817705859 0.0
0.2606201171875 67.44046267156763 0.7922579956156814 31.767279332816628 0.0
0.26123046875 67.45272434482737 0.7858741559186548 31.761401499253914 0.0
0.2618408203125 67.46500871603766 0.779542339734839 31.75544894422745 0.0
0.262451171875 67.477315543975 0.7732621195265311 31.749422336498416 0.0
0.2630615234375 67.48964458941553 0.7670330712790403 31.74332233930536 0.0
0.263671875 67.50199561511829 0.7608547744719144 31.737149610409727 0.0
0.2642822265625 67.51436838580855 0.7547268120503939 31.73090480214098 0.0
0.264892578125 67.52676266816144 0.7486487703970913 31.724588561441394 0.0
0.2655029296875 67.53917823078558 0.7426202393038946 31.718201529910456 0.0
0.26611328125 67.55161484420692 0.7366408119440929 31.71174434384891 0.0
0.2667236328125 67.56407228085276 0.7307100848447232 31.705217634302443 0.0
0.267333984375 67.57655031503577 0.7248276578591359 31.69862202710501 0.0
0.2679443359375 67.58904872293833 0.7189931341397782 31.691958142921813 0.0
0.2685546875 67.60156728259682 0.7132061201111926 31.685226597291905 0.0
0.2691650390625 67.6141057738862 0.7074662254432315 31.678428000670483 0.0
0.269775390625 67.62666397850462 0.7017730630244827 31.6715629584708 0.0
0.2703857421875 67.63924167995825 0.6961262489359079 31.66463207110575 0.0
0.27099609375 67.65183866354612 0.6905254024246894 31.657635934029102 0.0
0.2716064453125 67.6644547163452 0.6849701458782862 31.65057513777642 0.0
0.272216796875 67.6770896271956 0.6794601047986963 31.643450268005616 0.0
0.2728271484375 67.6897431866858 0.6739949077769241 31.63626190553719 0.0
0.2734375 67.70241518713813 0.6685741864676512 31.62901062639413 0.0
0.2740478515625 67.71510542259429 0.6631975755641105 31.621697001841504 0.0
0.274658203125 67.72781368880105 0.6578647127731593 31.614321598425693 0.0
0.2752685546875 67.74053978319601 0.6525752387905528 31.606884978013344 0.0
0.27587890625 67.75328350489355 0.6473287972764148 31.599387697829957 0.0
0.2764892578125 67.76604465467081 0.6421250348309048 31.5918303104982 0.0
0.277099609375 67.77882303495396 0.6369636009700795 31.584213364075875 0.0
0.2777099609375 67.79161844980437 0.6318441481019484 31.576537402093596 0.0
0.2783203125 67.80443070490506 0.6267663315027202 31.568802963592137 0.0
0.2789306640625 67.81725960754719 0.6217298092932405 31.561010583159497 0.0
0.279541015625 67.83010496661667 0.6167342424156183 31.55316079096763 0.0
0.2801513671875 67.84296659258098 0.6117792946100398 31.54525411280891 0.0
0.28076171875 67.85584429747591 0.606864632391769 31.537291070132248 0.0
0.2813720703125 67.86873789489262 0.6019899250283325 31.529272180078976 0.0
0.281982421875 67.88164719996466 0.5971548445168877 31.521197955518375 0.0
0.2825927734375 67.89457202935522 0.5923590655617738 31.513068905082935 0.0
0.283203125 67.90751220124434 0.5876022655522425 31.504885533203343 0.0
0.2838134765625 67.92046753531642 0.5828841245403686 31.49664834014315 0.0
0.284423828125 67.93343785274763 0.5782043252191386 31.488357822033176 0.0
0.2850341796875 67.9464229761936 0.573562552900715 31.480014470905626 0.0
0.28564453125 67.95942272977715 0.5689584954948773 31.471618774727915 0.0
0.2862548828125 67.97243693907606 0.5643918434876356 31.463171217436237 0.0
0.286865234375 67.9854654311111 0.5598622899200175 31.454672278968825 0.0
0.2874755859375 67.99850803433394 0.5553695303670261 31.446122435298978 0.0
0.2880859375 68.0115645786154 0.5509132629167679 31.43752215846777 0.0
0.2886962890625 68.02463489523366 0.5464931881497497 31.428871916616536 0.0
0.289306640625 68.03771881686255 0.5421090091183427 31.42017217401905 0.0
0.2899169921875 68.05081617756007 0.5377604313264125 31.411423391113463 0.0
0.29052734375 68.06392681275686 0.5334471627091143 31.402626024533966 0.0
0.2911376953125 68.07705055924488 0.5291689136128516 31.393780527142205 0.0
0.291748046875 68.09018725516613 0.524925396775397 31.384887348058417 0.0
0.2923583984375 68.10333674000144 0.5207163273061745 31.37594693269233 0.0
0.29296875 68.11649885455945 0.5165414226667013 31.366959722773792 0.0
0.2935791015625 68.1296734409656 0.5124004026511885 31.357926156383154 0.0
0.294189453125 68.14286034265125 0.5082929893672985 31.34884666798141 0.0
0.2947998046875 68.15605940434283 0.5042189072170599 31.339721688440065 0.0
0.29541015625 68.16927047205122 0.500177882877936 31.33055164507079 0.0
0.2960205078125 68.1824933930611 0.4961696452840478 31.321336961654804 0.0
0.296630859375 68.19572801592037 0.4921939256075497 31.31207805847203 0.0
0.2972412109375 68.2089741904298 0.48825045724015614 31.30277535232999 0.0
0.2978515625 68.22223176763262 0.48433897577481866 31.293429256592503 0.0
0.2984619140625 68.2355005998043 0.48045921898755223 31.28404018120809 0.0
0.299072265625 68.24878054044234 0.47661092681940925 31.274608532738196 0.0
0.2996826171875 68.26207144425621 0.4727938413586005 31.265134714385134 0.0
0.30029296875 68.27537316715734 0.4690077068227613 31.25561912601984 0.0
0.3009033203125 68.2886855662492 0.4652522695413629 31.246062164209377 0.0
0.301513671875 68.30200849981748 0.46152727793826637 31.2364642222442 0.0
0.3021240234375 68.3153418273203 0.45783248251441944 31.226825690165228 0.0
0.302734375 68.3286854093786 0.45416763583069397 31.217146954790657 0.0
0.3033447265625 68.3420391077665 0.4505324924908638 31.207428399742586 0.0
0.303955078125 68.35540278540184 0.44692680912472127 31.19767040547339 0.0
0.3045654296875 68.36877630633671 0.4433503443713318 31.1878733492919 0.0
0.30517578125 68.38215953574817 0.439802858862425 31.178037605389353 0.0
0.3057861328125 68.39555233992888 0.43628411520592164 31.168163544865138 0.0
0.306396484375 68.40895458627803 0.4327938779695953 31.158251535752317 0.0
0.3070068359375 68.42236614329214 0.4293319136648673 31.14830194304294 0.0
0.3076171875 68.43578688055605 0.4258979907307345 31.13831512871316 0.0
0.3082275390625 68.449216668734 0.4224918795178282 31.12829145174812 0.0
0.308837890625 68.46265537956069 0.41911335227260393 31.118231268166653 0.0
0.3094482421875 68.4761028858325 0.4157621831216602 31.108134931045775 0.0
0.31005859375 68.48955906139878 0.41243814805618584 31.098002790544967 0.0
0.3106689453125 68.50302378115315 0.4091410249165348 31.087835193930257 0.0
0.311279296875 68.5164969210249 0.40587059337692727 31.077632485598112 0.0
0.3118896484375 68.52997835797053 0.4026266349302759 31.067395007099122 0.0
0.3125 68.54346796996529 0.39940893287313683 31.057123097161497 0.0
0.3131103515625 68.55696563599477 0.3962172722907838 31.046817091714367 0.0
0.313720703125 68.57047123604664 0.3930514400424048 31.036477323910876 0.0
0.3143310546875 68.5839846511024 0.3899112247464201 31.02610412415111 0.0
0.31494140625 68.59750576312919 0.38679641676592086 31.015697820104815 0.0
0.3155517578125 68.61103445507176 0.38370680819422714 31.005258736733936 0.0
0.316162109375 68.6245706108444 0.3806421928405646 30.99478719631496 0.0
0.3167724609375 68.63811411532298 0.37760236621585863 30.984283518461094 0.0
0.3173828125 68.65166485433704 0.3745871255186455 30.97374802014424 0.0
0.3179931640625 68.66522271466204 0.37159626962109876 30.96318101571679 0.0
0.318603515625 68.6787875840115 0.3686295990551713 30.952582816933248 0.0
0.3192138671875 68.6923593510294 0.3656869159988503 30.941953732971676 0.0
0.31982421875 68.70593790528244 0.362768024262526 30.931294070454953 0.0
0.3204345703125 68.71952313725258 0.3598727292754725 30.92060413347186 0.0
0.321044921875 68.73311493832948 0.35700083807243904 30.909884223597988 0.0
0.3216552734375 68.74671320080306 0.3541521592803527 30.899134639916493 0.0
0.322265625 68.76031781785613 0.35132650310512975 30.888355679038643 0.0
0.3228759765625 68.77392868355709 0.34852368131859585 30.877547635124227 0.0
0.323486328125 68.78754569285262 0.34574350724551384 30.866710799901778 0.0
0.3240966796875 68.80116874156055 0.3429857957507186 30.85584546268864 0.0
0.32470703125 68.8147977263627 0.34025036322635754 30.844951910410856 0.0
0.3253173828125 68.82843254479778 0.3375370275792367 30.834030427622896 0.0
0.325927734375 68.84207309525442 0.33484560821827053 30.823081296527224 0.0
0.3265380859375 68.85571927696417 0.33217592604203566 30.81210479699371 0.0
0.3271484375 68.86937098999462 0.3295278034264269 30.801101206578867 0.0
0.3277587890625 68.88302813524257 0.32690106421241527 30.790070800544928 0.0
0.328369140625 68.89669061442721 0.32429553369390696 30.779013851878783 0.0
0.3289794921875 68.91035833008345 0.32171103860570227 30.767930631310744 0.0
0.32958984375 68.9240311855552 0.3191474071115541 30.756821407333156 0.0
