0.0 74.0 25.0 0.0 1.0
0.01953125 70.9057400181994 19.37833081945826 8.561916253408222 1.1540129089341262
0.0390625 68.7223000608265 14.932913135994255 15.046934493788797 1.2978523093904457
0.05859375 67.20861136817992 11.45817090093209 19.90273167294943 1.4304860579385543
0.078125 66.18966306713654 8.764854331434094 23.493231408620975 1.5522511928083853
0.09765625 65.53741799749817 6.689894802671146 26.10838978936249 1.6642974104681894
0.1171875 65.15751544354207 5.0983390580007715 27.97598441671363 1.7681610817435218
0.13671875 64.97995971808402 3.881411831309479 29.273147422430466 1.8654810281760252
0.15625 64.95254044091669 2.9530031543056934 30.136625384781418 1.9578310199961781
0.17578125 65.03613379557328 2.2457995065231087 30.67143149451414 2.0466352033894584
0.1953125 65.20131153351976 1.7076496125447846 30.957902306340916 2.1331365475945363
0.21484375 65.42586993335794 1.298406692948143 31.057327302127867 2.2183960715660334
0.234375 65.69301379849301 0.9873060598919228 31.01637217078297 2.3033079708320825
0.25390625 65.9900122252049 0.7508488916944267 30.870517423665913 2.3886214594347503
0.2734375 66.30719763602792 0.57112690066414 30.646711390250044 2.4749640730578735
0.29296875 66.63721678166597 0.4345134453001098 30.36540607922408 2.5628636938098186
0.3125 66.97446806442939 0.3306503769359926 30.04211349000933 2.65276806862527
0.33203125 67.31467747833008 0.2516689400633297 29.688592133779572 2.7450614478269992
0.3515625 67.65457818601826 0.19159344513238655 29.31374995056809 2.840078418281253
0.37109375 67.99166789051704 0.14588633650605598 28.92433055932142 2.938115213655477
0.390625 68.32402479270607 0.11110192303274001 28.525434426378812 3.0394388578823697
0.41015625 68.65016778448806 0.0846232251160591 28.120914489635492 3.14429450076037
0.4296875 68.96895011408454 0.06446218811376787 27.713676424063756 3.2529112737379187
0.44921875 69.27947842366022 0.04910809422915866 27.30590653210452 3.365506950006081
0.46875 69.58105104787897 0.03741257897983626 26.899244726162177 3.482291646978989
0.48828125 69.87311095233855 0.028502419469105422 26.494915861819692 3.603470766372622
0.5078125 70.1552098115693 0.02171338068542825 26.093829478170548 3.7292473295746817
0.52734375 70.426980571345 0.016540024594075508 25.69665556971034 3.8598238343505433
0.546875 70.6881164786578 0.01259761896462085 25.303882169522478 3.9954037328550522
0.56640625 70.93835504617724 0.009593218773310517 24.915859125279244 4.13619260977016
0.5859375 71.17746578459314 0.007303702776358988 24.53283139021526 4.282399122415192
0.60546875 71.4052408145593 0.005559085579371523 24.154964348707853 4.434235751153423
0.625 71.62148768149814 0.004229832692374188 23.782363088113136 4.591919397696301
0.64453125 71.82602385747856 0.0032172142814000295 23.415087067808976 4.755671860431008
0.6640625 72.01867253694839 0.002445966643198221 23.053161287199433 4.925720209208925
0.68359375 72.19925942651906 0.0018587070688342155 22.69658478965385 5.102297076758191
0.703125 72.36761030025292 0.0014116815285292758 22.345337138495324 5.285640879723171
0.72265625 72.52354914628955 0.0010715259464248662 21.999383348715362 5.475995979048605
0.7421875 72.66689677219033 0.000812798635157671 21.658677642346447 5.673612786828019
0.76171875 72.7974697681329 0.0006160996939480605 21.323166307496695 5.878747824676409
0.78125 72.9150797513753 0.0004666373512101585 20.992789874223135 6.091663737050298
0.80078125 73.01953283399853 0.00035313476371111774 20.667484769604414 6.312629261633298
0.8203125 73.11062927017429 0.0002669962479474008 20.34718457571578 6.541919157861939
0.83984375 73.18816325011646 0.00020167126667656842 20.031820984786748 6.779814093830067
0.859375 73.25192281624125 0.00015216920111797545 19.72132452341914 7.0266004911384465
0.87890625 73.3016898834793 0.00011468912544643177 19.415625100678376 7.282570326716827
0.8984375 73.33724035060641 8.633731210599472e-05 19.11465242186725 7.548020890214187
0.91796875 73.3583442932343 6.491167647373414e-05 18.818336299878872 7.823254495210311
0.9375 73.36476623199358 4.873730471882129e-05 18.526606888466986 8.10857814223467
0.95703125 73.35626547164766 3.65409691119452e-05 18.239394856006562 8.404303131376633
0.9765625 73.33259650855227 2.73554013576455e-05 17.95663151391894 8.710744622127395
0.99609375 73.29350950513664 2.044628011877105e-05 17.678248910579217 9.028221138003987
1.015625 73.23875083101568 1.5256555992854534e-05 17.40417989896163 9.357054013466657
1.03515625 73.1680636710163 1.1364009173903233e-05 17.13435818432294 9.697566780651547
1.0546875 73.08118870086241 8.448905794380116e-06 16.86871835673084 10.050084493500908
1.07421875 72.97786483155167 6.26935999145751e-06 16.60719591210438 10.414932986983915
1.09375 72.85783002359811 4.642574546218638e-06 16.349727264563107 10.792438069264191
1.11328125 72.72082217233053 3.430565014587198e-06 16.09624975221713 11.182924644887288
1.1328125 72.56658006533962 2.5293022531319835e-06 15.846701638022921 11.58671576733517
1.15234375 72.39484441296953 1.8604602809990243e-06 15.60102210694256 12.004131619627593
1.171875 72.20535895245777 1.3651489296646513e-06 15.359151260348476 12.43548842204479
1.19140625 71.99787162594764 9.991577731731847e-07 15.121030108390304 12.88109726650425
1.2109375 71.7721358321326 7.293501363225354e-07 14.886600560868429 13.341262877648802
1.23046875 71.52791175074566 5.309317438638097e-07 14.655805417027631 13.816282301294933
1.25 71.26496773848129 3.8538406164799306e-07 14.428588354584289 14.306443521550328
1.26953125 70.98308179423536 2.789023747082482e-07 14.204893918224405 14.812024008637824
1.2890625 70.68204309077308 2.0121680315040888e-07 13.984667507751764 15.333289200258314
1.30859375 70.36165356908953 1.4470356824427098e-07 13.767855366021378 15.870490920185485
1.328125 70.02172959081722 1.0371602359920157e-07 13.554404566759846 16.42386573870687
1.34765625 69.66210364306576 7.408189189639123e-08 13.344263002348779 16.993633280503516
1.3671875 69.28262608905787 5.272604383897772e-08 13.137379371628057 17.57999448658798
1.38671875 68.88316695686244 3.738797624302748e-08 12.933703167761088 18.183129837988446
1.40625 68.46361775743082 2.6410619202213888e-08 12.733184666193068 18.803197549965443
1.42578125 68.02389332202796 1.8582784813625047e-08 12.53577491272491 19.440331746664295
1.4453125 67.56393364803235 1.3021887427529434e-08 12.341425711719118 20.094640627226596
1.46484375 67.08370574097253 9.086842672120911e-09 12.150089614449152 20.766204635491427
1.484375 66.58320543959289 6.313537672152236e-09 11.961719907600212 21.455074646493312
1.50390625 66.06245920971712 4.367147264833262e-09 11.776270601926695 22.161270183988982
1.5234375 65.52152589172614 3.0069950646856514e-09 11.593696421069547 22.884777684197264
1.54296875 64.96049838561102 2.0607340850806196e-09 11.413952790535253 23.625548821792947
1.5625 64.37950525682507 1.405433225308159e-09 11.23699582683708 24.383498914932368
1.58203125 63.778712245566325 9.537672015308154e-10 11.062782326798366 25.158505426681494
1.6015625 63.15832366169697 6.439670823865398e-10 10.891269757017053 25.95040658064196
1.62109375 62.518583647273886 4.325334714666544e-10 10.72241624349023 26.759000108803296
1.640625 61.85977728864617 2.889726545001194e-10 10.556180561397106 27.584042149667695
1.66015625 61.182231560292436 1.9200901752437273e-10 10.392522125038647 28.42524631447685
1.6796875 60.486316083040926 1.268709012675198e-10 10.231400977931937 29.282282938900206
1.69921875 59.772443680053094 8.33540164236954e-11 10.072777783057205 30.15477853680629
1.71875 59.04107071496745 5.4445848185213065e-11 9.916613813255438 31.042315471722613
1.73828125 58.292697197900665 3.5353101719259366e-11 9.762870941774398 31.94443186028953
1.7578125 57.527866646587476 2.2817437686536856e-11 9.611511632960902 32.860621720428746
1.77734375 56.74716569180458 1.463646876680597e-11 9.462498933097175 33.79033537508355
1.796875 55.951223418354665 9.33019808466e-12 9.315796461379117 34.73298012025683
1.81640625 55.14071043526637 5.909996521490109e-12 9.171368401034334 35.68792116369333
1.8359375 54.316337671469775 3.719494024553927e-12 9.02917949057779 36.65448283794866
1.85546875 53.478854896003085 2.3256328532044348e-12 8.889195015202983 37.631950088791555
1.875 52.629048964757175 1.4445130563348226e-12 8.75138079830655 38.61957023693478
1.89453125 51.76774179882706 8.912290190785575e-13 8.615703193144247 39.61655500802775
1.9140625 50.895788102664916 5.461493487678801e-13 8.48212907461627 40.62208282271822
1.93359375 50.014072833366086 3.323967892969879e-13 8.350625831179931 41.635301335453605
1.953125 49.123508435511965 2.0090788270922805e-13 8.221161356887709 42.65533020760008
1.97265625 48.22503185898593 1.205884865230884e-13 8.093704043548724 43.68126409746518
1.9921875 47.31960138001316 7.187203651298465e-14 7.968222773011743 44.71217584697498
2.01171875 46.408193248297316 4.253421927712798e-14 7.844686909567824 45.74711984213477
2.03125 45.491798185483965 2.4993280325398493e-14 7.723066292470738 46.78513552204523
2.05078125 44.57141776222398 1.4581391110808803e-14 7.603331228573358 47.82525100920261
2.0703125 43.64806068279736 8.446037023311637e-15 7.485452485078209 48.866486832124394
2.08984375 42.722739007553415 4.857083519972448e-15 7.369401282400401 49.90785971004615
2.109375 41.79646434429938 2.773063573113943e-15 7.255149287141223 50.94838636855936
2.12890625 40.870244040207 1.5718159866792913e-15 7.142668605170667 51.9870873546223
2.1484375 39.94507740579688 8.8450444591613835e-16 7.031931774817194 53.02299081938589
2.16796875 39.021952002102516 4.941473395700598e-16 6.922911760163087 54.05513623773436
2.1875 38.10184002122079 2.7407886433611765e-16 6.8155819444437515 55.08257803433543
2.20703125 37.18569478914197 1.5092619005480161e-16 6.709916123549345 56.104389087308654
2.2265625 36.27444741804843 8.251516333714213e-17 6.605888499627155 57.11966408232438
2.24609375 35.36900363321282 4.4791525881072803e-17 6.503473674783171 58.12752269200397
2.265625 34.47024079725684 2.4141620438393258e-17 6.402646644881293 59.12711255786182
2.28515625 33.57900515189919 1.2920031984202497e-17 6.303382793438683 60.11761205466208
2.3046875 32.696109294478134 6.8660674277239765e-18 6.2056578856157545 61.098232819906066
2.32421875 31.822329903536875 3.623456122579519e-18 6.109448062299346 62.06822203416373
2.34375 30.95840572466401 1.899039359816434e-18 6.014729834277616 63.02686444105833
2.36328125 30.105035824644524 9.884820497590372e-19 5.92148007650526 63.97348409885017
2.3828125 29.262878118853024 5.110430825181665e-19 5.829676022457624 64.90744585868931
2.40234375 28.432548173762907 2.624413652289298e-19 5.739295258572362 65.82815656766469
2.421875 27.61461828350052 1.3388355732137848e-19 5.650315718777257 66.73506599772219
2.44140625 26.809616816585436 6.785445918905237e-20 5.56271567910289 67.62766750431165
2.4609375 26.018027826404015 3.416831187504548e-20 5.476473752378823 68.50549842121714
2.48046875 25.240290916594624 1.709629749335862e-20 5.391568883012013 69.36814020039334
2.5 24.47680135040398 8.50070599953848e-21 5.307980341846186 70.21521830774981
2.51953125 23.727910391223073 4.200729327644346e-21 5.225687721100896 71.046401887676
2.5390625 22.9939258599394 2.0632642699431828e-21 5.14467092938906 71.86140321067151
2.55859375 22.275112893455216 1.007373057156372e-21 5.064910186811728 72.65997691973303
2.578125 21.57169488771831 4.889641692792474e-22 4.98638602012891 73.44191909215276
2.59765625 20.88385460788645 2.359727340701937e-22 4.909079258005265 74.20706613410826
2.6171875 20.21173544778868 1.1323804726367645e-22 4.832971026329508 74.95529352588179
2.63671875 19.555442820640557 5.404021351729223e-23 4.758042743606371 75.68651443575304
2.65625 18.915045662999205 2.564985121275971e-23 4.684276116420015 76.40067822058074
2.67578125 18.290578034185728 1.2110029665563813e-23 4.611653134967771 77.09776883084646
2.6953125 17.682040793835668 5.687847648665303e-24 4.5401560686631255 77.77780313750117
2.71484375 17.089403340838146 2.65792788957942e-24 4.469767461806875 78.44082919735494
2.734375 16.512605397667325 1.2358939185682614e-24 4.400470129325388 79.08692447300724
2.75390625 15.951558824971261 5.71889738818405e-25 4.332247152574951 79.71619402245375
2.7734375 15.406149452239294 2.6338246071781565e-25 4.265081875211148 80.32876867254951
2.79296875 14.876238911397229 1.2074108121750587e-25 4.198957899122291 80.92480318948044
2.8125 14.361666461257759 5.510195046112611e-26 4.13385908042589 81.50447445831631
2.83203125 13.862250791862287 2.5036427489457987e-26 4.069769525527192 82.06797968261048
2.8515625 13.37779179887098 1.1327150065145423e-26 4.006673587238834 82.61553461389015
2.87109375 12.908072319274549 5.10341500240351e-27 3.944555860960644 83.14737181976477
2.890625 12.45285982079934 2.290032301791433e-27 3.883401180918679 83.66373899828194
2.91015625 12.011908038444739 1.0235541988114972e-27 3.8231946164625645 84.16489734509265
2.9296875 11.584958552618211 4.557388273522794e-28 3.763921468420242 84.6511199789615
2.94921875 11.17174230431016 2.021640678527949e-28 3.705567265509229 85.12269043018057
2.96875 10.771981043671547 8.935539395460983e-29 3.6481177608035185 85.5799011955249
2.98828125 10.385388709217015 3.9356080854515544e-29 3.5915589282552536 86.0230523625277
3.0078125 10.01167273567158 1.7275149441942077e-29 3.535876959270329 86.45245030505805
3.02734375 9.650535289207994 7.557784807464993e-30 3.4810582593370816 86.86840645145489
3.046875 9.301674429483649 3.295892143203696e-30 3.4270894447072506 87.27123612580907
3.06640625 8.964785198480843 1.4328455955865277e-30 3.373957339128392 87.66125746239074
3.0859375 8.639560636683504 6.210335072946972e-31 3.321648970626954 88.03879039268952
3.10546875 8.32569272758899 2.683862915552215e-31 3.2701515683412268 88.40415570406977
3.125 8.022873271958034 1.156577667513667e-31 3.2194525594033907 88.75767416863856
3.14453125 7.7307946935522125 4.970465441583757e-32 3.1695395658699055 89.09966574057786
3.1640625 7.449150778400062 2.130417822433029e-32 3.1204004016994893 89.43044881990043
3.18359375 7.177637349873672 9.107826503237593e-33 3.0720230697779485 89.75033958034837
3.203125 6.91595288205125 3.884031832749008e-33 3.0243957589891357 90.0596513589596
3.22265625 6.663799053991573 1.6523566306575754e-33 2.9775068413313153 90.3586941046771
3.2421875 6.420881247657429 7.013127736594811e-34 2.931344869078238 90.64777388326432
3.26171875 6.186908992300914 2.969885609698769e-34 2.885898571984228 90.92719243571484
3.28125 5.9615963581676255 1.2549309936352442e-34 2.8411568545326014 91.19724678729976
3.30078125 5.74466230239295 5.291555419411135e-35 2.797108793226743 91.45822890438029
3.3203125 5.535830969955248 2.2266941163569467e-35 2.7537436339231833 91.71042539612155
3.33984375 5.334831952521082 9.351492334944376e-36 2.71105078920602 91.95411725827287
3.359375 5.1414005079696885 3.9198819794761814e-36 2.6690198358020454 92.18957965622825
3.37890625 4.955277743320605 1.6400778535667056e-36 2.627640512035952 92.41708174464343
3.3984375 4.776210763712148 6.849867715242079e-37 2.5869027153249857 92.63688652096285
3.41796875 4.60395278999187 2.8559602542522444e-37 2.546796499712447 92.84925071029566
3.4375 4.438263247385182 1.188774756947418e-37 2.5073120734394267 93.05442467917537
3.45703125 4.278907827607056 4.940248692361091e-38 2.46843979655419 93.25265237583874
3.4765625 4.125658526675786 2.049856526581244e-38 2.430170178558627 93.44417129476557
3.49609375 3.9782936605787387 8.492711222583186e-39 2.392493876091184 93.62921246333006
3.515625 3.8365978608292006 3.5134967675750034e-39 2.355401690645727 93.80800044852506
3.53515625 3.700362051841988 1.4515246131564171e-39 2.318884566325763 93.98075338183224
3.5546875 3.5693834119444565 5.988547717982987e-40 2.282933587633483 94.14768300042205
3.57421875 3.4434653197297544 2.4674639092445307e-40 2.2475399772930835 94.30899470297715
3.59375 3.3224172873513753 1.0153868378405862e-40 2.212695094107829 94.46488761854077
3.61328125 3.2060548822528268 4.1733254645977244e-41 2.178390430850345 94.6155546868968
3.6328125 3.094199638724085 1.713250721957339e-41 2.1446176121856126 94.76118274909028
3.65234375 2.9866789605778137 7.025299545953136e-42 2.111368392626168 94.90195264679599
3.671875 2.8833260161433834 2.877602025269035e-42 2.0786346545190026 95.0380393293376
3.69140625 2.7839796266857904 1.1774289055775861e-42 2.0464084060636716 95.16961196725052
3.7109375 2.6884841492697675 4.8127387009783e-43 2.0146817793611325 95.29683407136908
3.73046875 2.5966893550068195 1.9652531202777586e-43 1.9834470284928303 95.41986361650032
3.75 2.5084503035446404 8.017293587892184e-44 1.9526965276295658 95.53885316882577
3.76953125 2.4236272145843807 3.267639246953114e-44 1.9224227691696818 95.65395001624591
3.7890625 2.3420853371415062 1.330610307400463e-44 1.892618361906115 95.76529630095236
3.80859375 2.2636948172004354 5.413661310427707e-45 1.8632760292218646 95.87302915357768
3.828125 2.1883305643516975 2.20073214078245e-45 1.8343886073134383 95.97728082833484
3.84765625 2.1158721179428825 8.939047187123557e-46 1.8059490434418397 96.07817883861526
3.8671875 2.046203513221041 3.628062910547453e-46 1.7779503942106734 96.17584609256826
3.88671875 1.9792131478942856 1.4713943968489118e-46 1.7503858238709444 96.27040102823474
3.90625 1.9147936494940083 5.963000726460216e-47 1.7232486026521403 96.36195774785382
3.92578125 1.8528417438761786 2.414862874725128e-47 1.6965321051191862 96.4506261510046
3.9453125 1.7932581251604915 9.772865659551902e-48 1.6702298085548732 96.5365120662846
3.96484375 1.7359473273695072 3.952417845674829e-48 1.6443352913673666 96.61971738126309
3.984375 1.6808175979962052 1.597439861003356e-48 1.6188422315224003 96.70034017048135
4.00390625 1.627780773697411 6.452319442050871e-49 1.5937444049997804 96.77847482130277
4.0234375 1.5767521582821689 2.6046266972405903e-49 1.5690356842738182 96.85421215744397
4.04296875 1.5276504031381823 1.0508039353587818e-49 1.5447100368173203 96.92763956004445
4.0625 1.4803973902157685 4.2369413878537377e-50 1.5207615236287737 96.99884108615541
4.08203125 1.4349181176672205 1.707440109158958e-50 1.4971842977823637 97.06789758455037
4.1015625 1.3911405882199093 6.877144858493625e-51 1.4739726030004736 97.13488680877957
4.12109375 1.3489957003437434 2.768520077537556e-51 1.4511207722483128 97.19988352740789
4.140625 1.3084171422576045 1.1139632796377018e-51 1.4286232263503362 97.26295963139201
4.16015625 1.2693412888049718 4.480065824936878e-52 1.4064744726281118 97.32418423856686
4.1796875 1.231707101216022 1.8009208465594555e-52 1.384669103559307 97.38362379522461
4.19921875 1.19545602976192 7.2361526743747285e-53 1.3632017954574662 97.44134217478054
4.21875 1.1605319192967118 2.906227550800702e-53 1.342067307172255 97.49740077353097
4.23828125 1.1268809176730734 1.1667183404387788e-53 1.3212604788098568 97.551858603517
4.2578125 1.0944513870100852 4.6819035201847044e-54 1.3007762304732058 97.60477238251664
4.27734375 1.06319381778409 1.8780373817405708e-54 1.2806095610217534 97.65619662119408
4.296875 1.0330607457074776 7.530372561452934e-55 1.2607555468504612 97.706183707442
4.31640625 1.0040066713548317 3.0183117136843726e-55 1.2412093406877234 97.75478398795738
4.3359375 0.9759879824912348 1.2093496152007409e-55 1.2219661704119271 97.80204584709678
4.35546875 0.9489628790535413 4.843779878314873e-56 1.2030213378863592 97.84801578306003
4.375 0.9228913007320805 1.9393942371639484e-56 1.1843702178121769 97.89273848145568
4.39453125 0.8977348570974529 7.762493467191975e-57 1.1660082565991605 97.93625688630333
4.4140625 0.8734567602147978 3.1059464205855414e-57 1.1479309712539747 97.97861226853117
4.43359375 0.8500217596860777 1.2423621508246306e-57 1.1301339482856645 98.0198442920282
4.453125 0.8273960800595119 4.9678427542132625e-58 1.1126128426281214 98.0599910773123
4.47265625 0.8055473605442431 1.9858962174367286e-58 1.0953633765792534 98.09908926287645
4.4921875 0.784444596967611 7.936296949515185e-59 1.078381338756603 98.13717406427573
4.51171875 0.7640580859119891 3.170701610346014e-59 1.0616625830691566 98.1742793310188
4.53125 0.7443593709679919 1.2664039952383442e-59 1.0452030277050937 98.21043760132686
4.55078125 0.7253211910409436 5.056753959167784e-60 1.028998654135231 98.24568015482377
4.5703125 0.7069174306477928 2.018631912416805e-60 1.013045506131915 98.28003706322023
4.58984375 0.6891230721421301 8.056217990051082e-61 0.9973396888031271 98.31353723905468
4.609375 0.6719141498056056 3.214378004627953e-61 0.9818773676415617 98.34620848255277
4.62890625 0.6552677057448136 1.2822040789358023e-61 0.9666547675884488 98.37807752666667
4.6484375 0.6391617475336121 5.113456183880724e-62 0.9516681721118887 98.40917008035443
4.66796875 0.6235752075418393 2.038786374007425e-62 0.9369139222994775 98.43951087015861
4.6875 0.6084879038924815 8.127018312304878e-63 0.9223884159649992 98.46912368014245
4.70703125 0.5938805029905049 3.2388850696773323e-63 0.9080881067689679 98.49803139024046
4.7265625 0.579734483567787 1.2905266899442337e-63 0.8940095033528039 98.52625601307933
4.74609375 0.5660321021898592 5.14100341132646e-64 0.880149168486434 98.55381872932364
4.765625 0.5527563601714801 2.0475780311849986e-64 0.8665037182291061 98.58073992159935
4.78515625 0.5398909718494046 8.153552040644283e-65 0.8530698211032155 98.60703920704731
4.8046875 0.5274203341620795 3.2461540890515997e-65 0.8398441972809385 98.63273546855692
4.82421875 0.5153294974873733 1.2921392748632792e-65 0.8268236177834768 98.65784688472908
4.84375 0.5036041376908398 5.142441821366419e-66 0.8140049036927162 98.68239095861638
4.86328125 0.49223052933840006 2.046214705390615e-66 0.8013849253751077 98.70638454528643
4.8828125 0.48119552002872207 8.140603504133096e-67 0.7889606017175811 98.72984387825363
4.90234375 0.47048650580195 3.2380784475402e-67 0.7767288993753041 98.75278459482269
4.921875 0.46009140758281025 1.2877904893689046e-67 0.7646868320311048 98.77522176038603
4.94140625 0.4499986486174714 5.120729251721409e-68 0.7528314596663749 98.7971698917161
4.9609375 0.44019713286487355 2.035864112280033e-68 0.7411598878432774 98.8186429792918
4.98046875 0.4306762243045579 8.092779404905455e-69 0.7296692669980814 98.83965450869731
5.0 0.4214257271243205 3.2164742943332096e-69 0.7183567917454542 98.86021748113018
5.01953125 0.41243586675228355 1.2781958799943187e-69 0.7072197001935381 98.88034443305413
5.0390625 0.4036972716992184 5.07868320602872e-70 0.6962552732696468 98.90004745503109
5.05859375 0.39520095617817297 2.0176350318653426e-70 0.6854608340564151 98.91933820976536
5.078125 0.38693830346964025 8.014440817827511e-71 0.6748337471382418 98.93822794939206
5.09765625 0.37890105000166313 3.183056063904314e-71 0.6643714179578639 98.95672753204042
5.1171875 0.37108127011539954 1.2640291031664733e-71 0.6540712921829066 98.97484743770164
5.13671875 0.3634713614877686 5.018949480695493e-72 0.6439308550822544 98.99259778342993
5.15625 0.3560640311838653 1.992566149942432e-72 0.6339476309120905 99.00998833790399
5.17578125 0.3488522823128684 7.909663708075198e-73 0.6241191823114541 99.02702853537562
5.1953125 0.34182940126217126 3.139422589908001e-73 0.61444310970717 99.0437274890306
5.21484375 0.33498894548544045 1.2459170759353184e-73 0.6049170507280025 99.0600940037865
5.234375 0.3283247318212518 4.943985373267686e-74 0.5955386796278932 99.0761365885508
5.25390625 0.32183082531986823 1.9616203032325633e-74 0.58630570671814 99.09186346796193
5.2734375 0.31550152855660724 7.782219458885775e-75 0.5772158778083792 99.10728259363495
5.29296875 0.30933137141110373 3.0870506232908154e-75 0.5682669736562356 99.1224016549326
5.3125 0.3033151012925975 1.2244378643412374e-75 0.5594568094255028 99.13722808928185
5.33203125 0.2974476737921751 4.8560530051949474e-76 0.5507832341527259 99.15176909205505
5.3515625 0.2917242437436655 1.9256824584600788e-76 0.5422441302220528 99.16603162603423
5.37109375 0.28614015667563075 7.63556917303199e-77 0.5338374128482272 99.18002243047609
5.390625 0.2806909406376121 3.027293427153868e-77 0.5255610295675976 99.19374802979473
5.41015625 0.27537229838448 1.2001204414357992e-77 0.5174129597370173 99.20721474187845
5.4296875 0.2701800999034037 4.757219524227779e-78 0.5093912140405126 99.22042868605602
5.44921875 0.2651103752685943 1.8855602206356723e-78 0.5014938340036004 99.23339579072774
5.46875 0.2601593078095958 7.472867263978261e-79 0.4937188915151349 99.24612180067521
5.48828125 0.25532322757948694 2.961382780367105e-79 0.48606448835656774 99.25861228406389
5.5078125 0.2505986051099324 1.1734456948254582e-79 0.4785287557385061 99.2708726391515
5.52734375 0.24598204544056668 4.649361882119727e-80 0.47110985384445586 99.28290810071492
5.546875 0.24147028241072427 1.841986014705871e-80 0.4638059713816383 99.29472374620758
5.56640625 0.23706017320203565 7.296971159554937e-81 0.456615325138771 99.30632450165913
5.5859375 0.23274869312089533 2.890433210977658e-81 0.4495361595507043 99.31771514732834
5.60546875 0.2285329306102768 1.14484824643815e-81 0.44256674626980785 99.32890032311985
5.625 0.2244100824808179 4.5341745662178003e-82 0.4357053837440019 99.33988453377512
5.64453125 0.22037744935153125 1.795620339596571e-82 0.4289503968013308 99.35067215384707
5.6640625 0.21643243129090864 7.110454891413471e-83 0.4223001362409769 99.36126743246805
5.68359375 0.2125725236495846 2.815447634612629e-83 0.41575297843061554 99.37167449791974
5.703125 0.20879531307610594 1.114718779089251e-83 0.409307324910012 99.38189736201382
5.72265625 0.20509847370771891 4.413179154259564e-84 0.4029616020007645 99.39193992429145
5.7421875 0.201479763528436 1.7470556761744396e-84 0.3967142604220974 99.4018059760494
5.76171875 0.19793702088698012 6.915625021794327e-85 0.39056377491261096 99.41149920420034
5.78125 0.19446816116752627 2.7373238250236483e-85 0.38450864385789546 99.42102319497451
5.80078125 0.1910711736064683 1.0834066579618836e-85 0.3785473889239185 99.43038143746955
5.8203125 0.1877441182487351 4.287734908800589e-86 0.372678554696096 99.4395773270551
5.83984375 0.18448512303746287 1.6968207593967487e-86 0.3669007083239594 99.44861416863851
5.859375 0.1812923810311017 6.714537836482723e-87 0.36121243917133095 99.4574951797975
5.87890625 0.17816414774229464 2.656861320833508e-87 0.3556123584719234 99.46622349378572
5.8984375 0.175098738593116 1.0512227006612286e-87 0.3500990989902786 99.47480216241654
5.91796875 0.17209452648149387 4.1590498704571157e-88 0.3446713146879626 99.48323415883047
5.9375 0.16914993945387 1.6453850148078196e-88 0.33932768039493666 99.49152238015112
5.95703125 0.16626345847936852 6.509017065574452e-89 0.33406689148602237 99.49966965003453
5.9765625 0.16343361532095366 2.5747684956960663e-89 0.3288876635623833 99.50767872111659
5.99609375 0.160658990499257 1.0184419950731786e-89 0.32378873213794435 99.51555227736273
6.015625 0.15793821134494573 4.028192077754717e-90 0.31876885233067315 99.52329293632431
6.03515625 0.1552699501356868 1.593163021916017e-90 0.3138267985586474 99.53090325130559
6.0546875 0.15265292231393682 6.300671624417843e-91 0.3089613642408344 99.53838571344515
6.07421875 0.15008588478195503 2.491669604436262e-91 0.30417136150250945 99.54574275371546
6.09375 0.14756763427059744 9.853066958322592e-92 0.2994556208852414 99.55297674484409
6.11328125 0.1450970057786026 3.8961006581794424e-92 0.2948129910613745 99.56009000315996
6.1328125 0.14267287107922721 1.5405189101995107e-92 0.29024233855293663 99.56708479036777
6.15234375 0.14029413729122875 6.090913026996589e-93 0.2857425474549057 99.5739633152538
6.171875 0.13795974551132748 2.4081116769113596e-93 0.28131251916276606 99.58072773532585
6.19140625 0.1356686695054074 9.520287521070485e-94 0.27695117210428927 99.58738015839025
6.2109375 0.13341991445583903 3.7635966161223903e-94 0.2726574414754726 99.59392264406863
6.23046875 0.1312125157624231 1.487770623521748e-94 0.268430278980572 99.60035720525694
6.25 0.1290455378945673 5.880972235277639e-95 0.26426865257616494 99.60668580952921
6.26953125 0.12691807329241434 2.324571172566596e-95 0.26017154621918187 99.61291038048834
6.2890625 0.12482924131474221 9.187925346977146e-96 0.2561379596188434 99.61903279906636
6.30859375 0.12277818723155536 3.631393200105973e-96 0.25216690799244373 99.62505490477595
6.328125 0.12076408125937865 1.4351940097765386e-96 0.2482574218249202 99.63097849691565
6.34765625 0.11878611763735564 5.67191578615794e-97 0.2444085466321504 99.63680533573044
6.3671875 0.11684351374233734 2.241460337673052e-97 0.24061934272791902 99.6425371435297
6.38671875 0.11493550924122997 8.857573412241792e-98 0.2368888849944975 99.64817560576422
6.40625 0.11306136527894735 3.5001057717845675e-98 0.23321626265678055 99.65372237206422
6.42578125 0.11122036370038828 1.3830267075063912e-98 0.22960057905992437 99.65917905723964
6.4453125 0.10941180630493041 5.464661093214004e-99 0.2260409514504322 99.6645472422446
6.46484375 0.10763501413199979 2.1591332279414203e-99 0.222536510760634 99.66982847510732
6.484375 0.10588932677634011 8.530597659038161e-100 0.21908640139650712 99.67502427182711
6.50390625 0.104174101731668 3.3702611280184324e-100 0.21568978102878694 99.6801361172395
6.5234375 0.10248871376145922 1.33147181199337e-100 0.21234582038731573 99.68516546585118
6.54296875 0.10083255429566788 5.259990860645899e-101 0.20905370305857993 99.6901137426457
6.5625 0.09920503085223409 2.0778913742317645e-101 0.20581262528638636 99.69498234386134
6.58203125 0.09760556648228745 8.208159260400153e-102 0.20262179577562858 99.69977263774204
6.6015625 0.09603359923800296 3.2423062483717386e-102 0.19948043549909564 99.70448596526286
6.62109375 0.0944885816621126 1.280701311209605e-102 0.19638777750727598 99.70912364083057
6.640625 0.09296998029812126 5.058566576381538e-103 0.19334306674111 99.71368695296073
6.66015625 0.09147727522031814 1.9979890801749076e-103 0.1903455598476456 99.718177164932
6.6796875 0.09000995958271582 7.891235415082853e-104 0.18739452499855194 99.7225955154187
6.69921875 0.08856753918608846 3.1166164560317874e-104 0.18448924171144657 99.72694321910244
6.71875 0.08714953206231757 1.2308592878949729e-104 0.18162900067399285 99.73122146726367
6.73828125 0.08575546807528968 4.860941073419096e-105 0.17881310357072433 99.73543142835396
6.7578125 0.08438488853762438 1.9196383488397415e-105 0.1760408629125542 99.7395742485498
6.77734375 0.0830373458425432 7.580638666574338e-106 0.17331160186892763 99.74365105228851
6.796875 0.08171240311022143 2.993502991934427e-106 0.17062465410257668 99.74766294278719
6.81640625 0.08040963384799417 1.1820648884691777e-106 0.16797936360683685 99.75161100254516
6.8359375 0.07912862162381626 4.667570165211039e-107 0.16537508454548588 99.75549629383069
6.85546875 0.07786895975240297 1.843013441883074e-107 0.1628111810950657 99.75931985915253
6.875 0.07663025099350368 7.277034764184512e-108 0.16028702728964886 99.76308272171684
6.89453125 0.07541210726178578 2.873220010832019e-108 0.15780200686801157 99.76678588587019
6.9140625 0.07421414934782933 1.1344150628590616e-108 0.1553555131231764 99.77043033752898
6.93359375 0.0730360066497553 4.478823373606978e-109 0.1529469487542871 99.77401704459594
6.953125 0.0718773169150321 1.768255079409181e-109 0.15057572572078054 99.77754695736417
6.97265625 0.07073772599202471 6.980959102183932e-110 0.1482412650988188 99.78102100890914
6.9921875 0.06961688759087131 2.755971014836663e-110 0.14594299693994767 99.78444011546917
7.01171875 0.06851446305328984 1.0879870818804601e-110 0.14368036013194607 99.78780517681474
7.03125 0.06743012113093554 4.294993777499093e-111 0.14145280226183302 99.79111707660721
7.05078125 0.06636353777194696 1.6954742923861707e-111 0.1392597794809983 99.79437668274703
7.0703125 0.06531439591533447 6.692831786568376e-112 0.1371007563724243 99.79758484771222
7.08984375 0.06428238529288041 2.6419147450788267e-112 0.13497520581996614 99.80074240888713
7.109375 0.06326720223823522 1.0428408407298232e-112 0.1328826088796586 99.80385018888208
7.12890625 0.06226854950290748 4.116307017493263e-113 0.13082245465301823 99.80690899584405
7.1484375 0.061286136078859764 1.6247559421533798e-113 0.12879424016230964 99.80991962375882
7.16796875 0.06031967702743456 6.412971389068842e-114 0.12679747022774573 99.8128828527448
7.1875 0.05936889331434706 2.5311705558701472e-114 0.12483165734659163 99.81579944933905
7.20703125 0.05843351165049334 9.9902095853753e-115 0.122896321574143 99.81867016677536
7.2265625 0.05751326433833335 3.9429294971234006e-115 0.12099099040654969 99.82149574525512
7.24609375 0.0566078891236191 1.5561619234816918e-115 0.11911519866545592 99.82427691221093
7.265625 0.05571712905224845 6.141607455163653e-116 0.11726848838442899 99.82701438256333
7.28515625 0.054840732332034584 2.423823298394535e-116 0.11545040869714879 99.82970885897083
7.3046875 0.053978452199190646 9.565586849050756e-117 0.11366051572733069 99.83236103207349
7.32421875 0.05313004678933779 3.774975824686406e-117 0.11189837248035513 99.83497158073033
7.34375 0.05229527901285337 1.4897340689498988e-117 0.11016354873657724 99.83754117225058
7.36328125 0.051473916434384016 5.8788918375846e-118 0.10845562094629059 99.84007046261934
7.3828125 0.05066573115635613 2.319927742666212e-118 0.10677417212631932 99.84256009671734
7.40234375 0.049870499706323616 9.154736249653818e-119 0.10511879175821356 99.84501070853547
7.421875 0.049088002927999745 3.612515541980831e-119 0.10348907568802311 99.84742292138398
7.44140625 0.048318025875826606 1.425496773182036e-119 0.10188462602762498 99.84979734809656
7.4609375 0.047560357712942244 5.624908929552558e-120 0.10030505105758075 99.85213459122949
7.48046875 0.04681479161241142 2.2195125674441216e-120 0.09874996513149999 99.85443524325609
7.5 0.046081124661592004 8.757752948298785e-121 0.09721898858188627 99.85669988675653
7.51953125 0.04535915776951434 3.455579187316409e-121 0.0957117476274431 99.85892909460306
7.5390625 0.0446486955771565 1.3634593558428623e-121 0.09422787428181678 99.86112343014103
7.55859375 0.04394954637050315 5.379684873076718e-122 0.09276700626375413 99.86328344736575
7.578125 0.043261521996280854 2.1225839481134847e-122 0.09132878690865309 99.86540969109507
7.59765625 0.04258443778026702 8.374645193695338e-123 0.08991286508148462 99.86750269713825
7.6171875 0.04191811244807436 3.304163740324611e-123 0.0885188950910646 99.86956299246086
7.63671875 0.041262368048316754 1.3036181822888051e-123 0.0871465366056548 99.87159109534602
7.65625 0.040617029878066535 5.1431958174051865e-124 0.08579545456987238 99.87358751555205
7.67578125 0.039981926410517066 2.0291287723529873e-124 0.08446531912288756 99.87555275446658
7.6953125 0.03935688922476811 8.005346841646062e-125 0.08315580551788954 99.87748730525733
7.71484375 0.03874175293765505 3.1582374955164165e-125 0.08186659404280094 99.87939165301954
7.734375 0.038136355137546256 1.2459585604873296e-125 0.08059736994222155 99.88126627492022
7.75390625 0.0375405363200364 4.915375301385578e-126 0.07934782334058207 99.88311164033937
7.7734375 0.03695413982546608 1.9391175128022017e-126 0.0781176491664894 99.88492821100803
7.79296875 0.036377011778201594 7.649728531891139e-127 0.07690654707824475 99.88671644114353
7.8125 0.035809001027611 3.0177444103560947e-127 0.0757142213905165 99.88847677758186
7.83203125 0.03524995909067566 1.1904564323083389e-127 0.07454038100214996 99.89020965990716
7.8515625 0.03469974009617875 4.696120831312986e-128 0.07338473932509625 99.8919155205787
7.87109375 0.034158200730414756 1.8525067850175743e-128 0.07224701421444302 99.89359478505513
7.890625 0.03362520018436629 7.307607634054894e-129 0.0711269278995301 99.89524787191608
7.91015625 0.03310060010229679 2.882607971983106e-129 0.0700242069161329 99.89687519298155
7.9296875 0.032584264531709824 1.1370798766088693e-129 0.06893858203969737 99.89847715342857
7.94921875 0.032076059874627555 4.485299723010968e-130 0.06786978821960993 99.90005415190575
7.96875 0.0315758548401432 1.7692416178348556e-130 0.06681756451448655 99.90160658064536
7.98828125 0.031083520398203824 6.978757069627917e-131 0.06578165402846503 99.90313482557332
8.0078125 0.030598929734581858 2.7527346247350206e-131 0.064761803848485 99.90463926641692
8.02734375 0.03012195820699519 1.0857904407221271e-131 0.06375776498254025 99.90612027681046
8.046875 0.02965248330233748 4.2827542735831755e-132 0.06276929229888849 99.90757822439876
8.06640625 0.0291903845949818 1.6892574619084107e-132 0.0617961444662034 99.9090134709388
8.0859375 0.028735543706122205 6.6629131114422245e-133 0.060838083894654706 99.91042637239921
8.10546875 0.028287844264119233 2.628016798403039e-133 0.0598948766779016 99.91181727905797
8.125 0.02784717186581672 1.036544316062577e-133 0.058966292535985565 99.91318653559819
8.14453125 0.0274134140387986 4.088306324638241e-134 0.05805210475910848 99.91453448120208
8.1640625 0.026986460204555546 1.6124819607310211e-134 0.05715209015228242 99.91586144964315
8.18359375 0.02656620164253258 6.359782256186524e-135 0.05626602898083759 99.91716776937662
8.203125 0.02615253145502983 2.5083355747735392e-135 0.055393704916775005 99.91845376362818
8.22265625 0.02574534453292972 9.892933726031052e-136 0.054534904985951003 99.91971975048111
8.2421875 0.02534453752222495 3.90176127495481e-136 0.05368941951608049 99.92096604296168
8.26171875 0.024950008791322552 1.5388365068999858e-136 0.05285704208554637 99.92219294912312
8.28125 0.02456165839910029 6.0690472593500255e-137 0.052037569473002594 99.92340077212788
8.30078125 0.024179388063692606 2.3935630275451586e-137 0.05123080160775857 99.92458981032853
8.3203125 0.02380310113198408 9.439860659954937e-138 0.050436541520932764 99.92576035734706
8.33984375 0.023432702549789342 3.722911596621134e-138 0.04965459529736357 99.92691270215282
8.359375 0.023068098832699075 1.4682376048264093e-138 0.048884772028265785 99.928047129139
8.37890625 0.022709198037572487 5.79037241572899e-139 0.048126883764621084 99.92916391819777
8.3984375 0.022355909734657488 2.2835642682196935e-139 0.04738074547129103 99.93026334479401
8.41796875 0.022008144980320336 9.00568230113884e-140 0.04664617498184157 99.9313456800378
8.4375 0.02166581629036733 3.551539904739821e-140 0.045922992954067904 99.93241119075552
8.45703125 0.021328837613941665 1.4005980595170129e-140 0.04521102282620882 99.9334601395598
8.4765625 0.02099712430797926 5.523408162403741e-141 0.04451009077383995 99.93449278491813
8.49609375 0.020670593112207845 2.178199228093496e-141 0.04382002566743527 99.93550938122031
8.515625 0.02034916212467432 8.589837668203663e-142 0.04314065903058656 99.9365101788447
8.53515625 0.02003275077778576 3.3874216269006514e-142 0.04247182499887062 99.9374954242233
8.5546875 0.01972127981485009 1.3358280095172711e-142 0.041813360279354214 99.93846535990575
8.57421875 0.019414671267102862 5.267795074992639e-143 0.04116510411072676 99.93942022462213
8.59375 0.019112848431207113 2.0773242040608867e-143 0.0405268982240512 99.94036025334469
8.61328125 0.018815735847213685 8.191752437962873e-144 0.039898586804123296 99.94128567734862
8.6328125 0.01852325927696982 3.230327314845578e-144 0.039280016451430026 99.94219672427155
8.65234375 0.018235345682964338 1.2738358206109976e-144 0.038671036144697774 99.9430936181723
8.671875 0.017951923207597982 5.023167322087871e-145 0.038071497204021115 99.94397657958834
8.69140625 0.017672921152868035 1.9807931936103513e-145 0.03748125325456328 99.94484582559252
8.7109375 0.01739826996045656 7.810844103627682e-146 0.036900160190819355 99.94570156984868
8.73046875 0.01712790119221207 3.0800246371192526e-146 0.03632807614143357 99.94654402266632
8.75 0.01686174751101471 1.2145288554393446e-146 0.03576486143456199 99.94737339105438
8.76953125 0.01659974266201537 4.7891556371310775e-147 0.03521037856377228 99.94818987877417
8.7890625 0.016341821454239513 1.8884590421686014e-147 0.03466449215447206 99.94899368639125
8.80859375 0.016087919742546697 7.446526403369726e-148 0.03412706893085781 99.94978501132655
