0.0 95.0 5.0 0.0 0.0
0.009765625 94.5378817268934 5.023338715028308 0.43877955807829494 0.0
0.01953125 94.07938861105173 5.044518183079056 0.876093205869217 0.0
0.029296875 93.6247085302938 5.063528614977697 1.3117628547285065 0.0
0.0390625 93.17402465031229 5.0803642289257605 1.7456111207619478 0.0
0.048828125 92.72751511552254 5.095023215714073 2.1774616687633968 0.0
0.05859375 92.28535276110534 5.107507689117353 2.6071395497773038 0.0
0.068359375 91.84770484691359 5.117823622024711 3.0344715310617008 0.0
0.078125 91.41473281376827 5.125980768942393 3.4592864172893396 0.0
0.087890625 90.986592062528 5.131992575579271 3.881415361892732 0.0
0.09765625 90.5634317561759 5.135876076291591 4.300692167532509 0.0
0.107421875 90.14539464503203 5.137651780220936 4.716953574747042 0.0
0.1171875 89.73261691506818 5.137343547008052 5.13003953792378 0.0
0.126953125 89.32522805917655 5.134978453004901 5.53979348781856 0.0
0.13671875 88.92335077112467 5.130586648938025 5.946062579937311 0.0
0.146484375 88.5271008618175 5.124201209998143 6.348697928184367 0.0
0.15625 88.13658719738376 5.115857979344002 6.74755482327225 0.0
0.166015625 87.75191165850842 5.105595406013147 7.142492935478454 0.0
0.17578125 87.37316912034642 5.093454378228793 7.533376501424805 0.0
0.185546875 87.00044745227541 5.079478053080916 7.920074494643688 0.0
0.1953125 86.63382753667659 5.063711683541333 8.30246077978209 0.0
0.205078125 86.27338330587372 5.04620244374769 8.680414250378606 0.0
0.21484375 85.91918179631013 5.026999253460326 9.053818950229571 0.0
0.224609375 85.5712832190024 5.0061526025597125 9.422564178437922 0.0
0.234375 85.22974104527704 4.983714376411097 9.786544578311894 0.0
0.244140625 84.89460210677241 4.959737682877862 10.14566021034976 0.0
0.25390625 84.56590670867214 4.934276681716602 10.49981660961129 0.0
0.263671875 84.24368875512825 4.907386417035589 10.848924827836207 0.0
0.2734375 83.92797588583062 4.87912265344493 11.192901460724496 0.0
0.283203125 83.61878962268553 4.84954171647178 11.531668660842747 0.0
0.29296875 83.31614552557697 4.818700337758186 11.8651541366649 0.0
0.302734375 83.02005335620245 4.786655505502971 12.193291138294633 0.0
0.3125 82.73051724899666 4.753464320553085 12.516018430450314 0.0
0.322265625 82.44753588818357 4.719183858494498 12.833280253321991 0.0
0.33203125 82.17110269002818 4.683871038038484 13.145026271933395 0.0
0.341796875 81.90120598939313 4.6475824959463425 13.451211514660585 0.0
0.3515625 81.63782922974256 4.610374468684659 13.751796301572842 0.0
0.361328125 81.38095115577485 4.57230268095436 14.046746163270853 0.0
0.37109375 81.13054600790721 4.533422241190324 14.336031750902528 0.0
0.380859375 80.88658371787771 4.493787544084417 14.61962873803794 0.0
0.390625 80.64903010477397 4.453452180143632 14.897517715082474 0.0
0.400390625 80.41784707084216 4.412468852256722 15.169684076901202 0.0
0.41015625 80.19299279647431 4.370889299207294 15.436117904318474 0.0
0.419921875 79.9744219338165 4.3287642260390085 15.696813840144573 0.0
0.4296875 79.76208579848426 4.286143241149099 15.951770960366717 0.0
0.439453125 79.55593255891534 4.243074799960067 16.200992641124664 0.0
0.44921875 79.35590742293192 4.1996061549959665 16.44448642207218 0.0
0.458984375 79.16195282112609 4.155783312169127 16.682263866704854 0.0
0.46875 78.97400858672229 4.111650993065439 16.91434042021235 0.0
0.478515625 78.79201213160911 4.06725260300122 17.140735265389743 0.0
0.48828125 78.61589861826995 4.022630204612272 17.361471177117853 0.0
0.498046875 78.44560112737724 3.977824496725621 17.576574375897213 0.0
0.5078125 78.28105082084902 3.932874798256782 17.786074380894274 0.0
0.517578125 78.12217710019816 3.8878190368697907 17.99000386293213 0.0
0.52734375 77.96890776003485 3.842693742133693 18.188398497831532 0.0
0.537109375 77.82116913661125 3.7975340429075035 18.38129682048133 0.0
0.546875 77.67888625132326 3.752373668685637 18.56874007999118 0.0
0.556640625 77.54198294910967 3.70724495463738 18.75077209625304 0.0
0.56640625 77.41038203171078 3.6621788500769177 18.92743911821239 0.0
0.576171875 77.28400538577067 3.617204930104632 19.09878968412478 0.0
0.5859375 77.16277410578567 3.572351410165695 19.26487448404872 0.0
0.595703125 77.04660861191985 3.527645163278249 19.42574622480198 0.0
0.60546875 76.93542876272419 3.483111739690571 19.581459497585325 0.0
0.615234375 76.82915396281042 3.438775388734447 19.732070648455217 0.0
0.625 76.72770326554398 3.394659082650368 19.877637651805745 0.0
0.634765625 76.63099547083154 3.3507845421690727 20.018219986999487 0.0
0.64453125 76.53894921808946 3.3071722636432077 20.153878518267426 0.0
0.654296875 76.45148307448812 3.2638415475324423 20.28467537797952 0.0
0.6640625 76.36851561857506 3.2208105280551065 20.41067385336992 0.0
0.673828125 76.28996551938657 3.178096203829288 20.53193827678423 0.0
0.68359375 76.2157516111632 3.1357144693362278 20.648533919500657 0.0
0.693359375 76.14579296378912 3.093680147048725 20.760526889162243 0.0
0.703125 76.08000894907924 3.0520070200770792 20.86798403084376 0.0
0.712890625 76.01831930304114 3.0107078651947434 20.9709728317642 0.0
0.72265625 75.96064418424069 2.969794486115378 21.069561329644014 0.0
0.732421875 75.90690422840234 2.929277746902245 21.163818024695505 0.0
0.7421875 75.8570205993754 2.889167605399929 21.253811795224756 0.0
0.751953125 75.81091503659853 2.8494731465871075 21.339611816814454 0.0
0.76171875 75.7685098991938 2.8102026157575417 21.42128748504874 0.0
0.771484375 75.72972820682185 2.7713634514445866 21.498908341733653 0.0
0.78125 75.69449367742764 2.7329623180123184 21.572544004560125 0.0
0.791015625 75.66273076200582 2.6950051378438142 21.64226410015045 0.0
0.80078125 75.63436467651205 2.657497123064224 21.708138200423818 0.0
0.810546875 75.60932143104516 2.62044280674301 21.770235762211918 0.0
0.8203125 75.5875278564225 2.5838460735261135 21.828626070051474 0.0
0.830078125 75.56891162826808 2.54771018965483 21.883378182077166 0.0
0.83984375 75.55340128873081 2.5120378323338453 21.934560878935425 0.0
0.849609375 75.5409262659467 2.476831118416209 21.98224261563718 0.0
0.859375 75.53141689135644 2.442091632378003 22.026491476265633 0.0
0.869140625 75.52480441498632 2.407820453560099 22.06737513145366 0.0
0.87890625 75.52102101879709 2.3740181826587397 22.104960798544248 0.0
0.888671875 75.51999982820267 2.3406849674506596 22.139315204346747 0.0
0.8984375 75.52167492185674 2.3078205277421886 22.17050455040114 0.0
0.908203125 75.52598133980229 2.275424179535179 22.19859448066261 0.0
0.91796875 75.53285509007557 2.243494858405732 22.223650051518767 0.0
0.927734375 75.54223315385308 2.212031142094567 22.245735704052425 0.0
0.9375 75.55405348922615 2.181031272310482 22.26491523846344 0.0
0.947265625 75.56825503368525 2.150493175750728 22.281251790564102 0.0
0.95703125 75.58477770539221 2.1204144843442507 22.294807810263617 0.0
0.966796875 75.60356240331589 2.0907925547256863 22.305645041958506 0.0
0.9765625 75.62455100630325 2.0616244869497056 22.31382450674713 0.0
0.986328125 75.6476863711551 2.032907142456835 22.319406486388154 0.0
0.99609375 75.67291232977253 2.0046371613032257 22.32245050892434 0.0
1.005859375 75.70017368543716 1.9768109786680248 22.323015335894908 0.0
1.015625 75.72941620828563 1.9494248406530197 22.32115895106144 0.0
1.025390625 75.76058663003565 1.9224748193901084 22.31693855057434 0.0
1.03515625 75.79363263801856 1.8959568274728873 22.31041053450864 0.0
1.044921875 75.82850286857064 1.8698666317292614 22.301630499700195 0.0
1.0546875 75.86514689983251 1.8441998663524892 22.29065323381509 0.0
1.064453125 75.90351524400427 1.8189520454084616 22.27753271058736 0.0
1.07421875 75.9435593391007 1.7941185747373145 22.262322086162065 0.0
1.083984375 75.98523154024947 1.7696947632676854 22.24507369648293 0.0
1.09375 76.0284851105723 1.7456758337620426 22.225839055665745 0.0
1.103515625 76.07327421168756 1.7220569330115791 22.204668855300955 0.0
1.11328125 76.11955389387023 1.698833141499139 22.18161296463072 0.0
1.123046875 76.16728008590356 1.6759994825485782 22.156720431547956 0.0
1.1328125 76.2164095846545 1.6535509309788268 22.13003948436677 0.0
1.142578125 76.26690004440366 1.6314824212807486 22.10161753431569 0.0
1.15234375 76.31870996595828 1.6097888553346726 22.07150117870715 0.0
1.162109375 76.37179868557547 1.5884651096862112 22.03973620473842 0.0
1.171875 76.42612636372112 1.5675060423976963 22.006367593881286 0.0
1.181640625 76.48165397368852 1.5469064994922377 21.97143952681935 0.0
1.19140625 76.53834329009916 1.5266613210070712 21.934995388893878 0.0
1.201171875 76.59615687730692 1.5067653466724948 21.89707777602069 0.0
1.2109375 76.65505807772544 1.4872134212323103 21.857728501042363 0.0
1.220703125 76.7150110000972 1.4680003994212893 21.816988600481626 0.0
1.23046875 76.77598050772181 1.4491211506147768 21.774898341663526 0.0
1.240234375 76.8379322066596 1.4305705631651224 21.731497230175385 0.0
1.25 76.90083243392576 1.4123435484392106 21.68682401763515 0.0
1.259765625 76.96464824568903 1.3944350445709255 21.640916709740164 0.0
1.26953125 77.02934740548832 1.3768400199419608 21.593812574569846 0.0
1.279296875 77.09489837247914 1.3595534764039454 21.545548151117043 0.0
1.2890625 77.16127028972147 1.3425704522544304 21.49615925802422 0.0
1.298828125 77.22843297251941 1.3258860249788458 21.445681002501868 0.0
1.30859375 77.2963568968223 1.3094953137701166 21.394147789407704 0.0
1.318359375 77.3650131876964 1.2933934818371988 21.341593330466512 0.0
1.328125 77.43437360787527 1.2775757385133832 21.288050653611464 0.0
1.337890625 77.50441054639637 1.262037341174806 21.23355211242894 0.0
1.34765625 77.57509700733105 1.2467735969791967 21.17812939568986 0.0
1.357421875 77.64640659861405 1.2317798644345057 21.121813536951557 0.0
1.3671875 77.71831352097834 1.2170515548066614 21.064634924215103 0.0
1.376953125 77.79079255700073 1.2025841333753302 21.00662330962405 0.0
1.38671875 77.86381906026267 1.1883731205461863 20.947807819191254 0.0
1.396484375 77.93736894463088 1.1744140928278342 20.888216962541406 0.0
1.40625 78.01141867366131 1.1607026836811813 20.827878642657627 0.0
1.416015625 78.08594525013017 1.1472345842487155 20.766820165621244 0.0
1.42578125 78.16092620569466 1.1340055439708119 20.705068250334648 0.0
1.435546875 78.23633959068654 1.1210113710958778 20.64264903821771 0.0
1.4453125 78.3121639640403 1.1082479330908295 20.579588102869007 0.0
1.455078125 78.38837838335837 1.0957111569580975 20.515910459683663 0.0
1.46484375 78.46496239511487 1.0833970294650705 20.4516405754202 0.0
1.474609375 78.54189602499913 1.0713015972916013 20.3868023777094 0.0
1.484375 78.61915976840048 1.0594209671009365 20.32141926449872 0.0
1.494140625 78.69673458103478 1.0477513055391674 20.255514113426184 0.0
1.50390625 78.77460186971366 1.0362888391680491 20.189109291118413 0.0
1.513671875 78.85274348325675 1.0250298543357976 20.12222666240758 0.0
1.5234375 78.93114170354706 1.0139706969902391 20.054887599462827 0.0
1.533203125 79.0097792367298 1.003107772438467 19.987112990831864 0.0
1.54296875 79.08863920455421 0.9924375450569473 19.918923250388968 0.0
1.552734375 79.16770513585838 0.9819565379558072 19.850338326185934 0.0
1.5625 79.24696095819638 0.9716613326008474 19.78137770920289 0.0
1.572265625 79.32639098960732 0.9615485683966299 19.712060441996172 0.0
1.58203125 79.40597993052548 0.9516149422338128 19.64240512724083 0.0
1.591796875 79.48571285583084 0.9418572080037315 19.572429936165555 0.0
1.6015625 79.56557520703893 0.9322721760830616 19.50215261687814 0.0
1.611328125 79.64555278462906 0.92285671279124 19.43159050257983 0.0
1.62109375 79.72563174050983 0.9136077398231727 19.36076051966714 0.0
1.630859375 79.80579857062057 0.90452223365961 19.289679195719955 0.0
1.640625 79.88604010766772 0.8955972249574395 19.21836266737497 0.0
1.650390625 79.96634351399447 0.8868297979220089 19.14682668808365 0.0
1.66015625 80.04669627458249 0.8782170896634727 19.07508663575418 0.0
1.669921875 80.12708619018417 0.8697562895390342 19.003157520276933 0.0
1.6796875 80.20750137058403 0.8614446384828433 18.931053990933272 0.0
1.689453125 80.28793022798743 0.8532794283252024 18.85879034368751 0.0
1.69921875 80.36836147053538 0.8452580011026306 18.78638052836214 0.0
1.708984375 80.44878409594344 0.8373777483602385 18.713838155696468 0.0
1.71875 80.52918738526343 0.8296361104477759 18.64117650428894 0.0
1.728515625 80.60956089676591 0.8220305758106239 18.568408527423603 0.0
1.73828125 80.68989445994202 0.814558680276922 18.49554685978119 0.0
1.748046875 80.77017816962278 0.8072180063419402 18.422603824035416 0.0
1.7578125 80.85040238021416 0.8000061824507325 18.349591437335242 0.0
1.767578125 80.93055770004628 0.7929208822800367 18.276521417673823 0.0
1.77734375 81.01063498583478 0.7859598240203166 18.203405190145038 0.0
1.787109375 81.09062533725285 0.7791207696587833 18.13025389308851 0.0
1.796875 81.17052009161186 0.7724015242641646 18.057078384124107 0.0
1.806640625 81.25031081864923 0.7657999352739439 17.983889246076966 0.0
1.81640625 81.32998931542127 0.7593138917847264 17.910696792794138 0.0
1.826171875 81.40954760129979 0.7529413238463478 17.837511074854003 0.0
1.8359375 81.4889779130702 0.7466802017602862 17.76434188516965 0.0
1.845703125 81.56827270012982 0.7405285353828954 17.691198764487414 0.0
1.85546875 81.64742461978433 0.7344843734339365 17.618091006781864 0.0
1.865234375 81.72642653264077 0.7285458028108384 17.54502766454852 0.0
1.875 81.80527149809542 0.7227109479090875 17.472017553995617 0.0
1.884765625 81.8839527699148 0.7169779699491042 17.399069260136223 0.0
1.89453125 81.96246379190806 0.7113450663099334 17.326191141782132 0.0
1.904296875 82.04079819368924 0.7058104698700441 17.25339133644085 0.0
1.9140625 82.11894978652757 0.7003724483555027 17.18067776511707 0.0
1.923828125 82.1969125592843 0.695029303695756 17.108058137020084 0.0
1.93359375 82.27468067443444 0.6897793713872352 17.035539954178464 0.0
1.943359375 82.35224846417168 0.6846210198649657 16.96313051596349 0.0
1.953125 82.42961042659509 0.6795526498823449 16.8908369235227 0.0
1.962890625 82.50676122197586 0.6745726938992287 16.818666084125034 0.0
1.97265625 82.58369566910275 0.6696796154784477 16.746624715418925 0.0
1.982421875 82.66040874170447 0.6648719086908519 16.674719349604803 0.0
1.9921875 82.73689556494772 0.6601480975289701 16.602956337523437 0.0
2.001953125 82.81315141200929 0.6555067353293483 16.53134185266148 0.0
2.01171875 82.88917170072082 0.6509464042036198 16.45988189507567 0.0
2.021484375 82.9649519902847 0.6464657144783424 16.38858229523707 0.0
2.03125 83.04048797805977 0.6420633041436277 16.317448717796722 0.0
2.041015625 83.11577549641544 0.6377378383105715 16.246486665274112 0.0
2.05078125 83.19081050965279 0.6334880086774862 16.175701481669837 0.0
2.060546875 83.2655891109914 0.6293125330049217 16.105098356003786 0.0
2.0703125 83.34010751962042 0.6252101545994553 16.034682325780228 0.0
2.080078125 83.41436207781277 0.6211796418062184 15.964458280381113 0.0
2.08984375 83.48834924810104 0.6172197875101217 15.89443096438893 0.0
2.099609375 83.56206561051395 0.613329408645731 15.82460498084041 0.0
2.109375 83.63550785987196 0.6095073457157405 15.754984794412385 0.0
2.119140625 83.70867280314106 0.6057524623179813 15.685574734541058 0.0
2.12890625 83.78155735684321 0.6020636446808997 15.616378998475982 0.0
2.138671875 83.8541585445227 0.5984398012074319 15.547401654269953 0.0
2.1484375 83.92647349426682 0.594879862027198 15.478646643706078 0.0
2.158203125 83.99849943627993 0.5913827785569336 15.410117785163223 0.0
2.16796875 84.07023370050999 0.587947523069072 15.341818776421029 0.0
2.177734375 84.14167371432602 0.584573088268389 15.273753197405686 0.0
2.1875 84.21281700024585 0.581258486876615 15.205924512877633 0.0
2.197265625 84.28366117371287 0.5780027512249196 15.138336075062309 0.0
2.20703125 84.35420394092083 0.5748049328541707 15.070991126225104 0.0
2.216796875 84.42444309668562 0.5716641021228648 15.003892801191611 0.0
2.2265625 84.4943765223632 0.5685793478226285 14.937044129814266 0.0
2.236328125 84.56400218381243 0.5655497768011838 14.87044803938647 0.0
2.24609375 84.63331812940218 0.5625745135926724 14.80410735700523 0.0
2.255859375 84.70232248806148 0.559652700055232 14.738024811883369 0.0
2.265625 84.77101346737204 0.5567834950157147 14.672203037612325 0.0
2.275390625 84.83938935170208 0.5539660739214394 14.60664457437656 0.0
2.28515625 84.90744850038068 0.551199628498869 14.541351871120526 0.0
2.294921875 84.97518934591177 0.5484833664191004 14.476327287669209 0.0
2.3046875 85.04261039222686 0.5458165109700579 14.411573096803169 0.0
2.314453125 85.10971021297578 0.5431983007352801 14.347091486289019 0.0
2.32421875 85.17648744985462 0.5406279892791889 14.282884560866275 0.0
2.333984375 85.24294081096988 0.5381048448387304 14.218954344191468 0.0
2.34375 85.3090690692384 0.5356281500212787 14.1553027807404 0.0
2.353515625 85.37487106082197 0.5331972015086912 14.09193173766942 0.0
2.36328125 85.44034568359609 0.530811309767409 14.028843006636585 0.0
2.373046875 85.50549189565209 0.5284697987644918 13.966038305583506 0.0
2.3828125 85.57030871383185 0.5261720056894815 13.903519280478749 0.0
2.392578125 85.63479521229455 0.5239172806819861 13.841287507023546 0.0
2.40234375 85.69895052111455 0.521704986564879 13.779344492320647 0.0
2.412109375 85.76277382491001 0.5195344985830089 13.717691676507059 0.0
2.421875 85.82626436150132 0.5174052041473162 13.656330434351448 0.0
2.431640625 85.8894214205989 0.5153165025842519 13.595262076816935 0.0
2.44140625 85.95224434251965 0.5132678048903992 13.534487852590027 0.0
2.451171875 86.01473251693149 0.5112585334921963 13.474008949576385 0.0
2.4609375 86.07688538162527 0.5092881220106602 13.413826496364141 0.0
2.470703125 86.13870242131361 0.5073560150310152 13.353941563655443 0.0
2.48046875 86.20018316645604 0.5054616678771278 13.294355165666904 0.0
2.490234375 86.26132719210982 0.5036045463906523 13.23506826149961 0.0
2.5 86.32213411680596 0.5017841267147952 13.176081756479334 0.0
2.509765625 86.38260360144989 0.4999998950826019 13.11739650346759 0.0
2.51953125 86.44273534824626 0.49825134760967693 13.059013304144147 0.0
2.529296875 86.50252909964725 0.4965379900912469 13.000932910261593 0.0
2.5390625 86.56198463732403 0.4948593378034768 12.943156024872577 0.0
2.548828125 86.62110178116086 0.49321491530895273 12.885683303530273 0.0
2.55859375 86.67988038827119 0.49160425626624515 12.828515355462656 0.0
2.568359375 86.73832035203547 0.49002690324346787 12.771652744721148 0.0
2.578125 86.79642160116018 0.48848240753574945 12.71509599130417 0.0
2.587890625 86.85418409875743 0.4869703289865359 12.658845572256132 0.0
2.59765625 86.91160784144503 0.48549023581264356 12.602901922742413 0.0
2.607421875 86.96869285846631 0.48404170443298344 12.547265437100796 0.0
2.6171875 87.02543921082932 0.48262431930087996 12.491936469869895 0.0
2.626953125 87.08184699046514 0.4812376727399069 12.436915336795057 0.0
2.63671875 87.13791631940474 0.4798813647831667 12.382202315812203 0.0
2.646484375 87.19364734897405 0.4785550030159388 12.327797648010108 0.0
2.65625 87.24904025900693 0.47725820242162603 12.273701538571544 0.0
2.666015625 87.30409525707542 0.4759905852309273 12.219914157693761 0.0
2.67578125 87.3588125777372 0.47475178077416735 12.166435641488743 0.0
2.685546875 87.41319248179973 0.47354142533671617 12.113266092863661 0.0
2.6953125 87.46723525560073 0.47235916201743056 12.060405582381946 0.0
2.705078125 87.52094121030464 0.4712046405900527 12.00785414910541 0.0
2.71484375 87.57431068121481 0.4700775173675014 11.955611801417794 0.0
2.724609375 87.62734402710096 0.46897745506899347 11.903678517830153 0.0
2.734375 87.6800416295417 0.4679041226899327 11.85205424776847 0.0
2.744140625 87.73240389228174 0.46685719537450704 11.800738912343858 0.0
2.75390625 87.78443124060342 0.4658363542909339 11.749732405105743 0.0
2.763671875 87.83612412071244 0.4648412865092961 11.69903459277836 0.0
2.7734375 87.88748299913723 0.4638716848819114 11.648645315980957 0.0
2.783203125 87.93850836214192 0.46292724792617934 11.598564389932006 0.0
2.79296875 87.98920071515245 0.4620076797098524 11.548791605137803 0.0
2.802734375 88.03956058219568 0.46111268973867625 11.499326728065753 0.0
2.8125 88.08958850535106 0.46024199284634804 11.4501695018027 0.0
2.822265625 88.13928504421479 0.459395309086741 11.40131964669858 0.0
2.83203125 88.18865077537603 0.45857236362834514 11.352776860995737 0.0
2.841796875 88.23768629190505 0.45777288665087573 11.304540821444197 0.0
2.8515625 88.28639220285294 0.45699661324400015 11.256611183903189 0.0
2.861328125 88.33476913276277 0.4562432833081375 11.208987583929213 0.0
2.87109375 88.3828177211919 0.45551264145728426 11.161669637350938 0.0
2.880859375 88.4305386222451 0.45480443692382083 11.114656940831205 0.0
2.890625 88.47793250411846 0.4541184234652554 11.067949072416402 0.0
2.900390625 88.52500004865377 0.45345435927286165 11.021545592073492 0.0
2.91015625 88.57174195090302 0.4528120068821684 10.975446042214935 0.0
2.919921875 88.61815891870309 0.45219113308525943 10.929649948211779 0.0
2.9296875 88.66425167226014 0.4515915088448441 10.884156818895145 0.0
2.939453125 88.71002094374369 0.45101290921005815 10.838966147046376 0.0
2.94921875 88.7554674768901 0.45045511323395665 10.794077409876063 0.0
2.958984375 88.80059202661526 0.4499179038926616 10.749490069492204 0.0
2.96875 88.84539535863631 0.4494010680061268 10.705203573357696 0.0
2.978515625 88.88987824910222 0.4489043961604836 10.661217354737424 0.0
2.98828125 88.93404148423309 0.4484276826319335 10.617530833135111 0.0
2.998046875 88.97788585996778 0.44797072531215126 10.5741434147202 0.0
3.0078125 89.02141218162005 0.44753332563516635 10.531054492744927 0.0
3.017578125 89.06462126354263 0.44711528850568855 10.488263447951816 0.0
3.02734375 89.10751392879949 0.4467164222288465 10.445769648971803 0.0
3.037109375 89.15009100884569 0.4463365384413066 10.40357245271315 0.0
3.046875 89.19235334321503 0.44597545204374217 10.361671204741377 0.0
3.056640625 89.23430177921514 0.4456329811346222 10.320065239650381 0.0
3.06640625 89.27593717162993 0.4453089469452907 10.278753881424919 0.0
3.076171875 89.31726038242918 0.44500317377630755 10.237736443794649 0.0
3.0859375 89.35827228048522 0.44471548893502255 10.197012230579896 0.0
3.095703125 89.39897374129647 0.4444457226743555 10.156580536029313 0.0
3.10546875 89.43936564671777 0.44419370813275516 10.116440645149613 0.0
3.115234375 89.47944888469732 0.44395928127531087 10.07659183402751 0.0
3.125 89.51922434902006 0.44374228083599127 10.037033370144082 0.0
3.134765625 89.55869293905751 0.4435425482609845 9.997764512681641 0.0
3.14453125 89.59785555952368 0.44335992765311627 9.958784512823335 0.0
3.154296875 89.63671312023723 0.4431942657173208 9.920092614045576 0.0
3.1640625 89.67526653588952 0.44304541170714185 9.88168805240347 0.0
3.173828125 89.7135167258185 0.44291321737224093 9.843570056809401 0.0
3.18359375 89.75146461378839 0.4427975369068899 9.805737849304865 0.0
3.193359375 89.78911112777496 0.44269822689942634 9.768190645325753 0.0
3.203125 89.82645719975633 0.4426151462826508 9.73092765396116 0.0
3.212890625 89.8635037655091 0.4425481562851441 9.6939480782059 0.0
3.22265625 89.90025176440984 0.44249712038348504 9.657251115206813 0.0
3.232421875 89.93670213924176 0.4424619042553487 9.620835956503031 0.0
3.2421875 89.97285583600639 0.442442375733465 9.584701788260283 0.0
3.251953125 90.0087138037403 0.44243840476041973 9.548847791499405 0.0
3.26171875 90.04427699433671 0.4424498633442783 9.513273142319138 0.0
3.271484375 90.07954636237177 0.44247662551501515 9.47797701211334 0.0
3.28125 90.11452286493565 0.44251856728173017 9.442958567782746 0.0
3.291015625 90.14920746146815 0.44257556659063574 9.408216971941343 0.0
3.30078125 90.18360111359883 0.44264750328379676 9.373751383117513 0.0
3.310546875 90.21770478499151 0.44273425905860736 9.339560955950024 0.0
3.3203125 90.25151944119318 0.44283571742798866 9.305644841378976 0.0
3.330078125 90.28504604948704 0.4429517636812912 9.27200218683182 0.0
3.33984375 90.31828557874974 0.44308228484588696 9.238632136404519 0.0
3.349609375 90.35123899931273 0.44322716964943604 9.205533831037982 0.0
3.359375 90.3839072828275 0.4433863084828133 9.172706408689846 0.0
3.369140625 90.41629140213477 0.4435595933636806 9.140149004501692 0.0
3.37890625 90.44839233113764 0.44374691790069065 9.107860750961821 0.0
3.388671875 90.48021104467821 0.44394817725830893 9.075840778063634 0.0
3.3984375 90.51174851841817 0.44416326812224055 9.044088213459744 0.0
3.408203125 90.54300572872283 0.44439208866544844 9.012602182611877 0.0
3.41796875 90.57398365254875 0.4446345385147511 8.981381808936657 0.0
3.427734375 90.6046832673348 0.4448905187179865 8.950426213947365 0.0
3.4375 90.63510555089668 0.4451599317117312 8.91973451739174 0.0
3.447265625 90.66525148132469 0.44544268128956155 8.8893058373859 0.0
3.45703125 90.69512203688483 0.445738672570847 8.859139290544475 0.0
3.466796875 90.72471819592307 0.4460478119700627 8.829233992107014 0.0
3.4765625 90.7540409367728 0.4463700071666119 8.799589056060741 0.0
3.486328125 90.78309123766526 0.4467051670751463 8.77020359525974 0.0
3.49609375 90.81187007664313 0.4470532018163746 8.741076721540635 0.0
3.505859375 90.84037843147696 0.4474140226883488 8.71220754583483 0.0
3.515625 90.86861727958453 0.4477875421382185 8.68359517827739 0.0
3.525390625 90.89658759795307 0.44817367373444317 8.65523872831262 0.0
3.53515625 90.92429036306429 0.4485723321394535 8.6271373047964 0.0
3.544921875 90.95172655082202 0.448983433082752 8.59929001609537 0.0
3.5546875 90.97889713648271 0.4494068933344442 8.57169597018298 0.0
3.564453125 91.00580309458843 0.44984263067919195 8.544354274732516 0.0
3.57421875 91.03244539890242 0.45029056389057937 8.517264037207134 0.0
3.583984375 91.05882502234729 0.45075061270588446 8.490424364946959 0.0
3.59375 91.08494293694557 0.45122269780124696 8.463834365253325 0.0
3.603515625 91.11080011376272 0.4517067407672253 8.437493145470194 0.0
3.61328125 91.13639752285258 0.45220266408473464 8.411399813062827 0.0
3.623046875 91.16173613320503 0.4527103911013589 8.385553475693747 0.0
3.6328125 91.18681691269605 0.4532298460080287 8.359953241296056 0.0
3.642578125 91.21164082803992 0.4537609538160585 8.334598218144148 0.0
3.65234375 91.2362088447437 0.4543036403345367 8.309487514921887 0.0
3.662109375 91.26052192706378 0.45485783214806014 8.28462024078829 0.0
3.671875 91.28458103796457 0.45542345659480843 8.259995505440747 0.0
3.681640625 91.3083871390793 0.45600044174495014 8.235612419175872 0.0
3.69140625 91.33194119067277 0.4565887163793756 8.211470092947982 0.0
3.701171875 91.35524415160609 0.4571882099687495 8.187567638425282 0.0
3.7109375 91.37829697930346 0.457798852652878 8.16390416804379 0.0
3.720703125 91.40110062972069 0.45842057522038415 8.140478795059053 0.0
3.73046875 91.42365605731574 0.4590533090886861 8.117290633595694 0.0
3.740234375 91.44596421502102 0.45969698628427264 8.094338798694825 0.0
3.75 91.46802605421746 0.4603515394232712 8.071622406359392 0.0
3.759765625 91.48984252471035 0.46101690169230225 8.049140573597466 0.0
3.76953125 91.51141457470696 0.4616930068296159 8.026892418463541 0.0
3.779296875 91.53274315079575 0.4623797891065055 8.004877060097865 0.0
3.7890625 91.55382919792727 0.46307718330899356 7.983093618763852 0.0
3.798828125 91.57467365939671 0.46378512471978517 7.961541215883617 0.0
3.80859375 91.59527747682797 0.46450354910048497 7.940218974071659 0.0
3.818359375 91.61564159015931 0.46523239267407257 7.919126017166736 0.0
3.828125 91.6357669376305 0.46597159210763306 7.898261470261975 0.0
3.837890625 91.65565445577154 0.46672108449533767 7.877624459733242 0.0
3.84765625 91.67530507939263 0.46748080734167147 7.857214113265813 0.0
3.857421875 91.69471974157582 0.4682506985449035 7.83702955987938 0.0
3.8671875 91.71389937366789 0.4690306963807959 7.817069929951429 0.0
3.876953125 91.73284490527455 0.46982073948654884 7.797334355239009 0.0
3.88671875 91.75155726425618 0.4706207668449767 7.777821968898953 0.0
3.896484375 91.77003737672464 0.4714307177689134 7.758531905506555 0.0
3.90625 91.78828616704153 0.47225053188584226 7.739463301072743 0.0
3.916015625 91.80630455781757 0.47308014912274865 7.720615293059799 0.0
3.92578125 91.82409346991331 0.4739195096911908 7.7019870203956176 0.0
3.935546875 91.84165382244095 0.47476855407258706 7.683577623486578 0.0
3.9453125 91.85898653276737 0.47562722300371607 7.665386244229019 0.0
3.955078125 91.8760925165183 0.47649545746242716 7.64741202601938 0.0
3.96484375 91.89297268758354 0.47737319865355843 7.629654113763006 0.0
3.974609375 91.90962795812337 0.4782603879950597 7.612111653881675 0.0
3.984375 91.92605923857593 0.47915696710431804 7.5947837943198495 0.0
3.994140625 91.94226743766572 0.4800628777846834 7.577669684549696 0.0
4.00390625 91.95825346241301 0.4809780620121916 7.560768475574895 0.0
4.013671875 91.97401821814435 0.48190246192248354 7.544079319933265 0.0
4.0234375 91.98956260850396 0.48283601979791685 7.527601371698228 0.0
4.033203125 92.00488753546608 0.4837786780548694 7.511333786479154 0.0
4.04296875 92.0199938993483 0.4847303792312318 7.495275721420584 0.0
4.052734375 92.03488259882565 0.4856910659740871 7.479426335200382 0.0
4.0625 92.04955453094571 0.4866606810275763 7.463784788026833 0.0
4.072265625 92.06401059114448 0.4876391672209471 7.4483502416346985 0.0
4.08203125 92.07825167326307 0.4886264674567849 7.433121859280278 0.0
4.091796875 92.09227866956523 0.4896225246994242 7.418098805735474 0.0
4.1015625 92.10609247075568 0.4906272819635385 7.403280247280907 0.0
4.111328125 92.11969396599913 0.49164068230290786 7.3886653516980845 0.0
4.12109375 92.13308404294011 0.4926626687993621 7.374253288260658 0.0
4.130859375 92.14626358772344 0.4936931845518986 7.360043227724794 0.0
4.140625 92.15923348501549 0.4947321726659732 7.346034342318662 0.0
4.150390625 92.17199461802608 0.49577957624296337 7.332225805731088 0.0
4.16015625 92.18454786853096 0.4968353383698019 7.318616793099372 0.0
4.169921875 92.19689411689505 0.4978994021087806 7.305206480996303 0.0
4.1796875 92.20903424209622 0.49897171048752215 7.291994047416391 0.0
4.189453125 92.22096912174969 0.5000522064891202 7.278978671761331 0.0
4.19921875 92.23269963213296 0.5011408330424458 7.266159534824735 0.0
4.208984375 92.2442266482114 0.5022375330126199 7.253535818776125 0.0
4.21875 92.25555104366425 0.5033422491916502 7.241106707144242 0.0
4.228515625 92.26667369091126 0.5044549242892333 7.228871384799654 0.0
4.23828125 92.27759546113971 0.5055755009237193 7.216829037936718 0.0
4.248046875 92.28831722433202 0.5067039216132394 7.204978854054888 0.0
4.2578125 92.29883984929376 0.5078401287669962 7.1933200219394 0.0
4.267578125 92.30916420368209 0.5089840646767146 7.181851731641356 0.0
4.27734375 92.31929115403469 0.5101356715082543 7.170573174457219 0.0
4.287109375 92.32922156579905 0.5112948912933827 7.15948354290774 0.0
4.296875 92.33895630336212 0.5124616659217073 7.148582030716334 0.0
4.306640625 92.34849623008047 0.5136359371327686 7.137867832786931 0.0
4.31640625 92.35784220831057 0.514817646508291 7.12734014518131 0.0
4.326171875 92.36699509943965 0.5160067354645934 7.116998165095934 0.0
4.3359375 92.3759557639167 0.517203145245158 7.106841090838317 0.0
4.345703125 92.3847250612839 0.5184068169133571 7.096868121802922 0.0
4.35546875 92.39330385020821 0.5196176913453381 7.0870784584466255 0.0
4.365234375 92.40169298851336 0.5208357092230662 7.077471302263748 0.0
4.375 92.40989333321197 0.5220608110275249 7.068045855760684 0.0
4.384765625 92.41790574053796 0.5232929370320731 7.058801322430138 0.0
4.39453125 92.42573106597924 0.5245320272959608 7.049736906724982 0.0
4.404296875 92.4333701643104 0.5257780216580006 7.040851814031769 0.0
4.4140625 92.44082388962589 0.527030859730397 7.032145250643888 0.0
4.423828125 92.44809309537304 0.528290480892733 7.023616423734405 0.0
4.43359375 92.45517863438546 0.5295568242861135 7.0152645413286 0.0
4.443359375 92.46208135891652 0.5308298288074651 7.007088812276195 0.0
4.453125 92.46880212067286 0.5321094331039942 6.999088446223327 0.0
4.462890625 92.47534177084813 0.5333955755678012 6.991262653584244 0.0
4.47265625 92.48170116015676 0.5346881943306524 6.9836106455127664 0.0
4.482421875 92.48788113886776 0.5359872272589089 6.976131633873513 0.0
4.4921875 92.49388255683866 0.537292611948613 6.968824831212923 0.0
4.501953125 92.4997062635494 0.5386042857207319 6.961689450730067 0.0
4.51171875 92.50535310813635 0.5399221856165595 6.9547247062472906 0.0
4.521484375 92.51082393942625 0.5412462483932745 6.947929812180678 0.0
4.53125 92.51611960597016 0.5425764105196588 6.9413039835103705 0.0
4.541015625 92.52124095607748 0.5439126081719713 6.934846435750749 0.0
4.55078125 92.52618883784973 0.545254777229982 6.928556384920486 0.0
4.560546875 92.53096409921453 0.5466028532731633 6.922433047512501 0.0
4.5703125 92.53556758795933 0.5479567715770403 6.916475640463817 0.0
4.580078125 92.54000015176516 0.5493164671096998 6.910683381125339 0.0
4.58984375 92.54426263824017 0.5506818745284588 6.905055487231571 0.0
4.599609375 92.54835589495323 0.5520529281766912 6.899591176870282 0.0
4.609375 92.55228076946725 0.5534295620808145 6.894289668452143 0.0
4.619140625 92.55603810937244 0.5548117099474366 6.889150180680334 0.0
4.62890625 92.55962876231939 0.5561993051606613 6.88417193252015 0.0
4.638671875 92.56305357605203 0.5575922807795549 6.879354143168619 0.0
4.6484375 92.5663133984403 0.5589905695357726 6.874696032024131 0.0
4.658203125 92.56940907751274 0.5603941038313451 6.870196818656112 0.0
4.66796875 92.57234146148883 0.5618028157366265 6.865855722774743 0.0
4.677734375 92.57511139881106 0.5632166369884026 6.861671964200744 0.0
4.6875 92.57771973817681 0.5646354989881605 6.857644762835233 0.0
4.697265625 92.58016732857001 0.5660593328005191 6.853773338629671 0.0
4.70703125 92.58245501929245 0.5674880691518219 6.850056911555924 0.0
4.716796875 92.58458365999488 0.5689216384288903 6.846494701576426 0.0
4.7265625 92.58655410070777 0.5703599706779394 6.843085928614481 0.0
4.736328125 92.58836719187182 0.5718029956036554 6.839829812524707 0.0
4.74609375 92.59002378436811 0.5732506425684356 6.836725573063637 0.0
4.755859375 92.59152472954791 0.5747028405917897 6.833772429860486 0.0
4.765625 92.59287087926218 0.576159518349904 6.830969602388101 0.0
4.775390625 92.59406308589071 0.5776206041753681 6.828316309934111 0.0
4.78515625 92.59510220237084 0.5790860260570637 6.825811771572281 0.0
4.794921875 92.59598908222588 0.5805557116402161 6.823455206134081 0.0
4.8046875 92.59672457959307 0.5820295882266084 6.821245832180501 0.0
4.814453125 92.59730954925112 0.583507582774958 6.819182867974096 0.0
4.82421875 92.59774484664742 0.5849896219014558 6.817265531451302 0.0
4.833984375 92.59803132792469 0.5864756318804687 6.815493040195014 0.0
4.84375 92.59816984994733 0.5879655386454037 6.8138646114074435 0.0
4.853515625 92.59816127032715 0.5894592677897348 6.812379461883283 0.0
4.86328125 92.59800644744882 0.5909567445681926 6.81103680798316 0.0
4.873046875 92.59770624049465 0.5924578938981162 6.809835865607422 0.0
4.8828125 92.59726150946898 0.5939626403609669 6.808775850170241 0.0
4.892578125 92.59667311522212 0.5954709082040041 6.807855976574067 0.0
4.90234375 92.59594191947363 0.5969826213421233 6.807075459184431 0.0
4.912109375 92.59506878483522 0.5984977033598556 6.80643351180511 0.0
4.921875 92.594054574833 0.6000160775135281 6.805929347653669 0.0
4.931640625 92.59290015392921 0.6015376667335862 6.805562179337393 0.0
4.94140625 92.59160638754351 0.6030623936270761 6.80533121882961 0.0
4.951171875 92.59017414207348 0.6045901804802881 6.805235677446429 0.0
4.9609375 92.58860428491474 0.6061209492615597 6.805274765823893 0.0
4.970703125 92.58689768448039 0.6076546216242386 6.805447693895563 0.0
4.98046875 92.58505521021983 0.6091911189098048 6.805753670870547 0.0
4.990234375 92.58307773263707 0.6107303621511521 6.806191905211972 0.0
5.0 92.58096612330823 0.6122722720760265 6.806761604615928 0.0
5.009765625 92.57872125489868 0.613816769110624 6.807461975990875 0.0
5.01953125 92.5763440011793 0.6153637733833444 6.808292225437536 0.0
5.029296875 92.57383523704219 0.6169132047287019 6.809251558229285 0.0
5.0390625 92.57119583851576 0.618464982691392 6.8103391787930265 0.0
5.048828125 92.56842668277906 0.6200190265305133 6.8115542906906015 0.0
5.05859375 92.56552864817553 0.6215752552239435 6.8128960966007 0.0
5.068359375 92.56250261422599 0.6231335874728697 6.814363798301317 0.0
5.078125 92.55934946164098 0.624693941706471 6.815956596652736 0.0
5.087890625 92.55607007233236 0.6262562360867536 6.817673691581072 0.0
5.09765625 92.55266532942429 0.6278203885135369 6.819514282062366 0.0
5.107421875 92.54913611726334 0.6293863166295897 6.821477566107251 0.0
5.1171875 92.54548332142808 0.6309539378259156 6.823562740746188 0.0
5.126953125 92.5417078287377 0.6325231692471871 6.825769002015291 0.0
5.13671875 92.5378105272601 0.6340939277973262 6.828095544942744 0.0
5.146484375 92.53379230631913 0.6356661301452315 6.830541563535814 0.0
5.15625 92.52965405650104 0.6372396927306502 6.833106250768479 0.0
5.166015625 92.52539666966031 0.6388145317701932 6.83578879856967 0.0
5.17578125 92.52102103892454 0.640390563263494 6.838588397812137 0.0
5.185546875 92.51652805869873 0.641967702999507 6.841504238301945 0.0
5.1953125 92.51191862466861 0.6435458665629475 6.844535508768616 0.0
5.205078125 92.5071936338034 0.645124969340869 6.84768139685591 0.0
5.21484375 92.50235398435754 0.6467049265293779 6.850941089113261 0.0
5.224609375 92.49740057587181 0.6482856531404839 6.854313770987884 0.0
5.234375 92.49233430917356 0.6498670640090846 6.857798626817528 0.0
5.244140625 92.48715608637616 0.6514490738000823 6.8613948398239275 0.0
5.25390625 92.48186681087762 0.6530315970156325 6.865101592106911 0.0
5.263671875 92.47646738735843 0.654614548002521 6.868918064639213 0.0
5.2734375 92.47095872177853 0.6561978409596685 6.872843437261966 0.0
5.283203125 92.4653417213735 0.6577813899457622 6.876876888680898 0.0
5.29296875 92.45961729464993 0.6593651088870105 6.881017596463231 0.0
5.302734375 92.45378635137988 0.6609489115850202 6.885264737035283 0.0
5.3125 92.44784980259459 0.6625327117247944 6.88961748568079 0.0
5.322265625 92.44180856057739 0.6641164228828487 6.894075016539946 0.0
5.33203125 92.43566353885558 0.665699958535444 6.89863650260916 0.0
5.341796875 92.4294156521917 0.6672832320669337 6.90330111574155 0.0
5.3515625 92.4230658165738 0.6688661567782239 6.908068026648156 0.0
5.361328125 92.41661494920493 0.6704486458953431 6.912936404899907 0.0
5.37109375 92.41006396849174 0.672030612578121 6.91790541893031 0.0
5.380859375 92.4034137940323 0.6736119699289728 6.922974236038894 0.0
5.390625 92.39666534660299 0.6751926310017876 6.928142022395394 0.0
5.400390625 92.38981954814456 0.6767725088109184 6.933407943044691 0.0
5.41015625 92.3828773217474 0.6783515163402714 6.938771161912501 0.0
5.419921875 92.37583959163587 0.6799295665524913 6.9442308418118195 0.0
5.4296875 92.3687072831518 0.6815065723982427 6.949786144450128 0.0
5.439453125 92.36148132273723 0.6830824468255825 6.955436230437355 0.0
5.44921875 92.35416263791615 0.6846571027894216 6.961180259294608 0.0
5.458984375 92.34675215727545 0.6862304532610746 6.967017389463659 0.0
5.46875 92.33925081044508 0.6878024112378932 6.972946778317206 0.0
5.478515625 92.3316595280773 0.6893728897529823 6.978967582169895 0.0
5.48828125 92.32397924182506 0.6909418018849942 6.985078956290116 0.0
5.498046875 92.3162108843196 0.6925090607680006 6.9912800549125595 0.0
5.5078125 92.30835538914717 0.6940745796014374 6.997570031251553 0.0
5.517578125 92.30041369082488 0.6956382716601216 7.003948037515158 0.0
5.52734375 92.29238672477578 0.6972000503043358 7.010413224920049 0.0
5.537109375 92.28427542730304 0.6987598289899789 7.0169647437071445 0.0
5.546875 92.27608073556335 0.7003175212787784 7.02360174315803 0.0
5.556640625 92.26780358753946 0.7018730408485638 7.030323371612132 0.0
5.56640625 92.2594449220119 0.7034263015035958 7.037128776484667 0.0
