0.0 95.0 5.0 0.0 0.0
0.00244140625 94.88414099728075 5.006036419854576 0.1098225828646715 0.0
0.0048828125 94.76849959898752 5.011938491067387 0.21956190994508779 0.0
0.00732421875 94.65307881801843 5.017705989891003 0.3292151920905546 0.0
0.009765625 94.53788165081303 5.023338708332871 0.43877964085407856 0.0
0.01220703125 94.42291107701362 5.028836454149581 0.5482524688367765 0.0
0.0146484375 94.30817005913126 5.03419905083728 0.6576308900314451 0.0
0.01708984375 94.19366154221652 5.039426337618258 0.7669121201652078 0.0
0.01953125 94.0793884535351 5.044518169423731 0.8760933770411559 0.0
0.02197265625 93.96535370224825 5.049474416872832 0.9851718808789044 0.0
0.0244140625 93.85156017909816 5.0542949662478485 1.094144854653981 0.0
0.02685546875 93.7380107560983 5.058979719465714 1.2030095244359666 0.0
0.029296875 93.62470828622888 5.063528594045795 1.3117631197253123 0.0
0.03173828125 93.51165560313724 5.067941523073994 1.4204028737887484 0.0
0.0341796875 93.39885552084357 5.072218455163199 1.5289260239932132 0.0
0.03662109375 93.28631083345165 5.076359354410107 1.6373298121382207 0.0
0.0390625 93.17402431486492 5.080364200348459 1.7456114847865938 0.0
0.04150390625 93.06199871850777 5.084232987898722 1.8537682935934854 0.0
0.0439453125 92.95023677705213 5.087965727314239 1.9617974956336144 0.0
0.04638671875 92.83874120214944 5.091562444123895 2.069696353726644 0.0
0.048828125 92.72751468416801 5.095023179071339 2.177462136760626 0.0
0.05126953125 92.61655989193575 5.098347988050788 2.285092120013446 0.0
0.0537109375 92.50587947248833 5.101536942039457 2.392583585472191 0.0
0.05615234375 92.39547605082294 5.104590127026666 2.4999338221503775 0.0
0.05859375 92.28535222965736 5.107507643939647 2.607140126402966 0.0
0.06103515625 92.17551058919476 5.110289608566118 2.714199802239098 0.0
0.0634765625 92.06595368689385 5.112936151473639 2.8211101616324856 0.0
0.06591796875 91.95668405724476 5.115447417925823 2.927868524829394 0.0
0.068359375 91.8477042115504 5.117823567795429 3.0344722206541457 0.0
0.07080078125 91.73901663771349 5.1200647754743915 3.140918586812091 0.0
0.0732421875 91.63062380002916 5.122171229780839 3.247204970189976 0.0
0.07568359375 91.52252813898319 5.124143133863134 3.3533287271536514 0.0
0.078125 91.41473207105591 5.12598070510101 3.459287223843064 0.0
0.08056640625 91.30723798853168 5.127684175003829 3.565077836464468 0.0
0.0830078125 91.20004825931414 5.129253789106031 3.6706979515798044 0.0
0.08544921875 91.09316522674698 5.130689806859815 3.7761449663931876 0.0
0.087890625 90.98659120944042 5.131992501525115 3.88141628903445 0.0
0.09033203125 90.88032850110338 5.1331621600569175 3.9865093388396864 0.0
0.0927734375 90.77437937038125 5.134199082989972 4.091421546628751 0.0
0.09521484375 90.66874606069936 5.135103584320963 4.196150354979652 0.0
0.09765625 90.563430790112 5.1358759913881835 4.300693218499802 0.0
0.10009765625 90.45843575115714 5.136516644748775 4.405047604094061 0.0
0.1025390625 90.35376311071684 5.137025898053589 4.509210991229544 0.0
0.10498046875 90.24941500988311 5.13740411791973 4.613180872197141 0.0
0.107421875 90.14539356382946 5.137651683800827 4.716954752369693 0.0
0.10986328125 90.04170086168807 5.1377689878551065 4.820530150456804 0.0
0.1123046875 89.93833896643244 5.137756434811315 4.923904598756228 0.0
0.11474609375 89.83530991476562 5.137614441832555 5.027075643401805 0.0
0.1171875 89.732615717014 5.137343438378087 5.130040844607897 0.0
0.11962890625 89.63025835702652 5.136943866063171 5.232797776910295 0.0
0.1220703125 89.52823979207945 5.136416178516987 5.335344029403559 0.0
0.12451171875 89.42656195278653 5.1357608412387155 5.43767720597475 0.0
0.126953125 89.32522674301464 5.134978331451824 5.539794925533536 0.0
0.12939453125 89.22423603980477 5.13406913795662 5.64169482223862 0.0
0.1318359375 89.12359169329838 5.133033760981146 5.743374545720482 0.0
0.13427734375 89.02329552666916 5.1318727120304555 5.844831761300392 0.0
0.13671875 88.92334933606 5.1305865137343485 5.946064150205662 0.0
0.13916015625 88.82375489052527 5.129175699693617 6.047069409781134 0.0
0.1416015625 88.7245139319783 5.127640814324865 6.14784525369685 0.0
0.14404296875 88.62562817514413 5.125982412703966 6.248389412151909 0.0
0.146484375 88.52709930751733 5.124201060408209 6.348699632074458 0.0
0.14892578125 88.42892898932496 5.12229733335721 6.448773677317837 0.0
0.1513671875 88.33111885349456 5.120271817652631 6.548609328852811 0.0
0.15380859375 88.2336705056273 5.11812510941678 6.648204384955918 0.0
0.15625 88.13658552397598 5.115857814630147 6.747556661393878 0.0
0.15869140625 88.03986545942799 5.11347054896794 6.846663991604077 0.0
0.1611328125 87.94351183549324 5.110963937635667 6.9455242268710915 0.0
0.16357421875 87.8475261482969 5.108338615203848 7.0441352364992555 0.0
0.166015625 87.75190986657685 5.105595225441891 7.142494907981249 0.0
0.16845703125 87.65666443168608 5.102734421151208 7.240601147162708 0.0
0.1708984375 87.56179125759955 5.099756863997619 7.3384518784028305 0.0
0.17333984375 87.4672917309259 5.09666322434311 7.436045044731001 0.0
0.17578125 87.37316721092361 5.093454181076997 7.533378607999392 0.0
0.17822265625 87.27941902952188 5.090130421446559 7.630450549031568 0.0
0.1806640625 87.18604849134574 5.086692640887187 7.727258867767069 0.0
0.18310546875 87.0930568737459 5.083141542852122 7.82380158340198 0.0
0.185546875 87.00044542683268 5.079477838641818 7.920076734525489 0.0
0.18798828125 86.90821537351457 5.075702247233003 8.016082379252428 0.0
0.1904296875 86.81636790954072 5.071815495107481 8.111816595351792 0.0
0.19287109375 86.724904203548 5.067818316080739 8.207277480371259 0.0
0.1953125 86.63382539711189 5.063711451130403 8.302463151757694 0.0
0.19775390625 86.54313260480173 5.059495648224601 8.397371746973658 0.0
0.2001953125 86.45282691423978 5.055171662150294 8.492001423609915 0.0
0.20263671875 86.36290938616442 5.050740254341611 8.58635035949396 0.0
0.205078125 86.2733810544972 5.046202192708251 8.680416752794551 0.0
0.20751953125 86.1842429264137 5.041558251463998 8.774198822122294 0.0
0.2099609375 86.09549598241834 5.036809210955406 8.86769480662625 0.0
0.21240234375 86.0071411764227 5.031955857490688 8.960902966086609 0.0
0.21484375 85.91917943582771 5.026998983168881 9.053821581003413 0.0
0.21728515625 85.83161166160932 5.021939385709311 9.146448952681384 0.0
0.2197265625 85.74443872840777 5.016777868281424 9.238783403310817 0.0
0.22216796875 85.65766148462038 5.011515239335018 9.330823276044615 0.0
0.224609375 85.57128075249766 5.006152312430928 9.422566935071426 0.0
0.22705078125 85.48529732824286 5.00068990607221 9.514012765684939 0.0
0.2294921875 85.39971198211481 4.995128843535857 9.605159174349346 0.0
0.23193359375 85.31452545853392 4.989469952705114 9.696004588760982 0.0
0.234375 85.22973847619144 4.983714065902402 9.786547457906174 0.0
0.23681640625 85.14535172816177 4.977862019722927 9.876786252115318 0.0
0.2392578125 85.06136588201782 4.971914654868995 9.966719463113204 0.0
0.24169921875 84.97778157994934 4.965872815985071 10.056345604065612 0.0
0.244140625 84.89459943888417 4.959737351493635 10.145663209622212 0.0
0.24658203125 84.81182005061237 4.953509113431871 10.234670835955777 0.0
0.2490234375 84.72944398191305 4.947188957289216 10.323367060797752 0.0
0.25146484375 84.647471774684 4.940777741845811 10.411750483470193 0.0
0.25390625 84.565903946074 4.934276329011908 10.499819724914108 0.0
0.25634765625 84.48474098861756 4.927685583668235 10.58757342771423 0.0
0.2587890625 84.4039833703724 4.921006373507382 10.675010256120247 0.0
0.26123046875 84.32363153505928 4.914239568876229 10.762128896064523 0.0
0.263671875 84.24368590220425 4.9073860426194535 10.848928055176328 0.0
0.26611328125 84.16414686728325 4.900446669924143 10.935406462792637 0.0
0.2685546875 84.085014801869 4.893422328165552 11.021562869965482 0.0
0.27099609375 84.00629005378006 4.886313896754025 11.107396049465942 0.0
0.2734375 83.92797294723213 4.879122256983129 11.192904795784761 0.0
0.27587890625 83.85006378299137 4.871848291879003 11.278087925129656 0.0
0.2783203125 83.77256283852972 4.864492886050974 11.362944275419329 0.0
0.28076171875 83.69547036818234 4.857056925543453 11.447472706274228 0.0
0.283203125 83.6187866033068 4.849541297689135 11.53167209900409 0.0
0.28564453125 83.54251175244417 4.841946890963546 11.615541356592306 0.0
0.2880859375 83.46664600148196 4.834274594840935 11.699079403677123 0.0
0.29052734375 83.3911895138187 4.8265252996515615 11.782285186529753 0.0
0.29296875 83.31614243053025 4.818699896440376 11.865157673029394 0.0
0.29541015625 83.24150487053767 4.810799276827137 11.947695852635217 0.0
0.2978515625 83.1672769307767 4.802824332867969 12.02989873635536 0.0
0.30029296875 83.09345868636868 4.794775956918396 12.111765356712946 0.0
0.302734375 83.02005019079299 4.78665504149785 12.19329476770919 0.0
0.30517578125 82.94705147606072 4.778462479155699 12.274486044783613 0.0
0.3076171875 82.87446255288984 4.7701991623387885 12.355338284771408 0.0
0.31005859375 82.8022834108815 4.761865983260525 12.435850605858008 0.0
0.3125 82.73051401869763 4.7534638337715185 12.516022147530874 0.0
0.31494140625 82.65915432423967 4.7449936052317945 12.595852070528567 0.0
0.3173828125 82.58820425482833 4.736456188384589 12.675339556787113 0.0
0.31982421875 82.51766371738454 4.7278524732317475 12.754483809383746 0.0
0.322265625 82.44753259861128 4.7191833489107315 12.833284052478021 0.0
0.32470703125 82.3778107651764 4.710449703573253 12.911739531250367 0.0
0.3271484375 82.30849806389637 4.70165242426554 12.989849511838122 0.0
0.32958984375 82.2395943219207 4.692792396810255 13.067613281269065 0.0
0.33203125 82.17109934691744 4.68387050569006 13.145030147392523 0.0
0.33447265625 82.1030129272591 4.6748876339328564 13.222099438808065 0.0
0.3369140625 82.0353348322095 4.665844662998689 13.298820504791829 0.0
0.33935546875 81.96806481211114 4.656742472668336 13.375192715220537 0.0
0.341796875 81.90120259857319 4.647581940933588 13.451215460493236 0.0
0.34423828125 81.83474790466002 4.638363943889214 13.526888151450786 0.0
0.3466796875 81.76870042508021 4.629089355626637 13.602210219293166 0.0
0.34912109375 81.70305983637608 4.619759048129303 13.67718111549462 0.0
0.3515625 81.63782579711355 4.61037389116977 13.75180031171669 0.0
0.35400390625 81.57299794807233 4.600934752208496 13.826067299719183 0.0
0.3564453125 81.50857591243654 4.591442496294354 13.899981591269105 0.0
0.35888671875 81.44455929598553 4.581897985966856 13.973542718047609 0.0
0.361328125 81.3809476872849 4.572302081160102 14.046750231554995 0.0
0.36376953125 81.31774065787775 4.56265563910844 14.11960370301381 0.0
0.3662109375 81.25493776247606 4.552959514253856 14.192102723270084 0.0
0.36865234375 81.1925385391522 4.543214558155074 14.264246902692737 0.0
0.37109375 81.1305425095304 4.533421619398385 14.336035871071218 0.0
0.37353515625 81.06894917897841 4.5235815435101845 14.407469277511401 0.0
0.3759765625 81.00775803679899 4.5136951728712305 14.478546790329776 0.0
0.37841796875 80.9469685564214 4.503763346632614 14.549268096945992 0.0
0.380859375 80.88658019559279 4.49378690063344 14.61963290377378 0.0
0.38330078125 80.8265923965695 4.483766667320211 14.6896409361103 0.0
0.3857421875 80.76700458630813 4.473703475667918 14.759291938023953 0.0
0.38818359375 80.70781617665646 4.463598151102828 14.828585672240706 0.0
0.390625 80.64902656454409 4.453451515426962 14.897521920028948 0.0
0.39306640625 80.59063513217279 4.443264386744261 14.966100481082945 0.0
0.3955078125 80.53264124720666 4.433037579388435 15.034321173404908 0.0
0.39794921875 80.47504426296177 4.422771903852484 15.102183833185743 0.0
0.400390625 80.41784351859563 4.41246816671989 15.16968831468448 0.0
0.40283203125 80.36103833929607 4.4021271705974625 15.236834490106473 0.0
0.4052734375 80.30462803646981 4.391749714049845 15.303622249480359 0.0
0.40771484375 80.24861190793051 4.38133659153566 15.370051500533847 0.0
0.41015625 80.19298923808635 4.37088859334529 15.436122168568373 0.0
0.41259765625 80.1377592981271 4.360406505540289 15.50183419633263 0.0
0.4150390625 80.08292134621055 4.349891109894404 15.567187543895061 0.0
0.41748046875 80.0284746276485 4.339343183836213 15.632182188515298 0.0
0.419921875 79.97441837509204 4.328763500393352 15.696818124514625 0.0
0.42236328125 79.9207518087162 4.318152828138332 15.761095363145484 0.0
0.4248046875 79.86747413640403 4.307511931135932 15.825013932460067 0.0
0.42724609375 79.81458455392986 4.29684156889216 15.88857387717801 0.0
0.4296875 79.76208224514201 4.286142496304759 15.951775258553267 0.0
0.43212890625 79.70996638214461 4.275415463615265 16.014618154240157 0.0
0.4345703125 79.65823612547881 4.264661216362584 16.07710265815864 0.0
0.43701171875 79.60689062430308 4.2538804953380955 16.139228880358857 0.0
0.439453125 79.5559290165728 4.243074036542255 16.200996946884963 0.0
0.44189453125 79.50535042921904 4.23224257114269 16.26240699963829 0.0
0.4443359375 79.45515397832636 4.221386825433775 16.323459196239874 0.0
0.44677734375 79.40533876930996 4.210507520797674 16.384153709892374 0.0
0.44921875 79.35590389709175 4.1996053736668255 16.44449072924143 0.0
0.45166015625 79.30684844627565 4.18868109548788 16.50447045823648 0.0
0.4541015625 79.2581714913219 4.177735392687048 16.564093115991064 0.0
0.45654296875 79.20987209672047 4.1667689666368695 16.623358936642678 0.0
0.458984375 79.1619493171635 4.1557825136243665 16.682268169212154 0.0
0.46142578125 79.11440219771677 4.144776724820587 16.740821077462662 0.0
0.4638671875 79.06722977399019 4.13375228625151 16.799017939758322 0.0
0.46630859375 79.02043107230726 4.122709878770303 16.856859048922455 0.0
0.46875 78.97400510987356 4.111650178030915 16.914344712095545 0.0
0.47119140625 78.92795089494415 4.100573854462991 16.971475250592874 0.0
0.4736328125 78.88226742698997 4.08948157324809 17.028250999761944 0.0
0.47607421875 78.83695369686318 4.078373994297199 17.084672308839632 0.0
0.478515625 78.79200868696134 4.067251772229516 17.140739540809157 0.0
0.48095703125 78.74743137139063 4.0561155563524895 17.196453072256883 0.0
0.4833984375 78.70322071612793 4.044965990643113 17.251813293228967 0.0
0.48583984375 78.6593756791817 4.033803713730433 17.30682060708789 0.0
0.48828125 78.61589521075184 4.022629358879275 17.361475430368895 0.0
0.49072265625 78.57277825338846 4.011443553975168 17.415778192636377 0.0
0.4931640625 78.53002374214935 4.000246921510438 17.469729336340215 0.0
0.49560546875 78.48763060475643 3.9890400785714766 17.523329316672097 0.0
0.498046875 78.44559776175099 3.9778236368271465 17.57657860142187 0.0
0.50048828125 78.40392412664777 3.966598202518323 17.629477670833914 0.0
0.5029296875 78.36260860608786 3.955364376448548 17.682027017463593 0.0
0.50537109375 78.32165009999045 3.944122753975783 17.73422714603377 0.0
0.5078125 78.2810475017033 3.93287392500524 17.78607857329147 0.0
0.51025390625 78.2407996981521 3.9216184739832824 17.83758182786463 0.0
0.5126953125 78.20090556998859 3.9103569798923727 17.88873745011905 0.0
0.51513671875 78.16136399173747 3.89909001624705 17.939545992015496 0.0
0.517578125 78.12217383194208 3.8878181510909284 17.990008016967018 0.0
0.52001953125 78.08333395330885 3.87654194699469 18.040124099696477 0.0
0.5224609375 78.04484321285062 3.865261961055064 18.08989482609434 0.0
0.52490234375 78.00670046202853 3.8539787448947727 18.139320793076717 0.0
0.52734375 77.9689045468929 3.8426928446634268 18.1884026084437 0.0
0.52978515625 77.93145430822267 3.8314048010393553 18.237140890738 0.0
0.5322265625 77.89434858166375 3.820115149232353 18.28553626910392 0.0
0.53466796875 77.85758619786604 3.808824418987331 18.33358938314665 0.0
0.537109375 77.8211659826192 3.7975331345888503 18.38130088279196 0.0
0.53955078125 77.78508675698723 3.786241814866528 18.428671428146263 0.0
0.5419921875 77.74934733744168 3.774950973201294 18.47570168935704 0.0
0.54443359375 77.71394653599376 3.763661117532485 18.52239234647377 0.0
0.546875 77.67888316032504 3.7523727503657645 18.568744089309195 0.0
0.54931640625 77.64415601391704 3.741086368781841 18.614757617301127 0.0
0.5517578125 77.60976389617936 3.7298024644459815 18.660433639374663 0.0
0.55419921875 77.57570560257679 3.718521523618296 18.70577287380492 0.0
0.556640625 77.54197992475497 3.7072440271647813 18.750776048080258 0.0
0.55908203125 77.50858565066488 3.695970450569109 18.79544389876602 0.0
0.5615234375 77.47552156468606 3.684701263945138 18.839777171368816 0.0
0.56396484375 77.44278644774855 3.67343693205014 18.88377662020134 0.0
0.56640625 77.41037907745356 3.662177914298721 18.927443008247753 0.0
0.56884765625 77.37829822819293 3.6509246647774276 18.97077710702966 0.0
0.5712890625 77.34654267126736 3.6396776322600144 19.01377969647265 0.0
0.57373046875 77.31511117500322 3.628437260223366 19.056451564773436 0.0
0.576171875 77.28400250486833 3.617203986864055 19.09879350826765 0.0
0.57861328125 77.25321542358628 3.6059782451155216 19.140806331298222 0.0
0.5810546875 77.22274869124975 3.5947604626658594 19.182490846084427 0.0
0.58349609375 77.19260106543227 3.583551061976195 19.22384787259157 0.0
0.5859375 77.16277130129905 3.5723504602996465 19.26487823840134 0.0
0.58837890625 77.13325815171633 3.5611590697008424 19.305582778582853 0.0
0.5908203125 77.1040603673597 3.5499772970759937 19.345962335564348 0.0
0.59326171875 77.07517669682092 3.5388055441735013 19.386017759005618 0.0
0.595703125 77.04660588671383 3.527644207615083 19.425749905671115 0.0
0.59814453125 77.01834668177882 3.5164936789174104 19.4651596393038 0.0
0.6005859375 76.99039782498609 3.5053543445142403 19.504247830499697 0.0
0.60302734375 76.9627580576378 3.494226585779026 19.5430153565832 0.0
0.60546875 76.93542611946891 3.4831107790479963 19.581463101483113 0.0
0.60791015625 76.90840074874689 3.47200729564369 19.61959195560944 0.0
0.6103515625 76.88168068237012 3.4609165018989296 19.657402815730965 0.0
0.61279296875 76.85526465596523 3.4498387591812247 19.69489658485356 0.0
0.615234375 76.82915140398312 3.4387744239175912 19.732074172099306 0.0
0.61767578125 76.80333965979386 3.4277238476197716 19.76893649258638 0.0
0.6201171875 76.77782815578043 3.416687376909847 19.805484467309743 0.0
0.62255859375 76.75261562343118 3.4056653535462265 19.841719023022613 0.0
0.625 76.72770079343125 3.3946581144500025 19.87764109211877 0.0
0.62744140625 76.70308239575272 3.383665991731659 19.913251612515644 0.0
0.6298828125 76.67875915974365 3.372689312718123 19.948551527538253 0.0
0.63232421875 76.65472981421595 3.3617283999801426 19.983541785803922 0.0
0.634765625 76.63099308753215 3.350783571359989 20.018223341107877 0.0
0.63720703125 76.60754770769091 3.339855139999458 20.05259715230964 0.0
0.6396484375 76.58439240241155 3.328943414368173 20.086664183220286 0.0
0.64208984375 76.56152589921732 3.318048698292169 20.12042540249053 0.0
0.64453125 76.53894692551759 3.3071712909827515 20.153881783499664 0.0
0.64697265625 76.51665420868903 3.2963114870656156 20.18703430424536 0.0
0.6494140625 76.49464647615548 3.285469576610219 20.21988394723431 0.0
0.65185546875 76.47292245546686 3.2746458451593954 20.252431699373755 0.0
0.654296875 76.45148087437697 3.2638405737591962 20.284678551863838 0.0
0.65673828125 76.43032046092019 3.253054038988956 20.31662550009086 0.0
0.6591796875 76.40943994348703 3.242286512991566 20.348273543521405 0.0
0.66162109375 76.38883805089876 3.231538263503949 20.3796236855973 0.0
0.6640625 76.36851351248077 3.2208095538877215 20.4106769336315 0.0
0.66650390625 76.34846505813512 3.2101006431600427 20.44143429870483 0.0
0.6689453125 76.32869141841176 3.1994117860246276 20.471896795563595 0.0
0.67138671875 76.30919132457898 3.188743232902927 20.502065442518088 0.0
0.673828125 76.28996350869255 3.1780952299654577 20.531941261341984 0.0
0.67626953125 76.2710067036641 3.1674680191632767 20.561525277172613 0.0
0.6787109375 76.25231964332828 3.1568618382595908 20.590818518412117 0.0
0.68115234375 76.23390106250899 3.14627692086149 20.619822016629502 0.0
0.68359375 76.2157496970846 3.1357134964518 20.64853680646358 0.0
0.68603515625 76.19786428405216 3.1251717904210436 20.676963925526785 0.0
0.6884765625 76.18024356159057 3.1146520240994993 20.70510441430991 0.0
0.69091796875 76.16288626912292 3.104154414789356 20.732959316087708 0.0
0.693359375 76.14579114737765 3.0936791757969506 20.76052967682538 0.0
0.69580078125 76.12895693844891 3.0832265164650794 20.787816545085988 0.0
0.6982421875 76.11238238585587 3.0727966422053816 20.814820971938722 0.0
0.70068359375 76.09606623460111 3.062389754530781 20.841544010868073 0.0
0.703125 76.08000723122808 3.0520060510879823 20.867986717683905 0.0
0.70556640625 76.06420412387756 3.0416457256900133 20.894150150432395 0.0
0.7080078125 76.04865566234328 3.0313089683488057 20.920035369307882 0.0
0.71044921875 76.03336059812656 3.020995965307807 20.945643436565593 0.0
0.712890625 76.01831768449009 3.01070689907462 20.970975416435255 0.0
0.71533203125 76.00352567651072 3.000441948453656 20.99603237503559 0.0
0.7177734375 75.98898333113145 2.9902012885788034 21.02081538028971 0.0
0.72021484375 75.9746894072125 2.9799850909461 21.045325501841376 0.0
0.72265625 75.96064266558143 2.969793523446403 21.06956381097214 0.0
0.72509765625 75.94684186908255 2.9596267503980513 21.09353138051938 0.0
0.7275390625 75.93328578262528 2.9494849325795167 21.117229284795187 0.0
0.72998046875 75.9199731732318 2.939368227262031 21.14065859950616 0.0
0.732421875 75.90690281008375 2.9292767882421913 21.16382040167404 0.0
0.73486328125 75.89407346456822 2.9192107658745323 21.186715769557235 0.0
0.7373046875 75.88148391032273 2.9091703071040618 21.2093457825732 0.0
0.73974609375 75.86913292327952 2.8991555554987527 21.231711521221712 0.0
0.7421875 75.85701928170906 2.88916665128199 21.253814067008946 0.0
0.74462890625 75.84514176626254 2.8792037313649628 21.275654502372486 0.0
0.7470703125 75.83349916001386 2.869266929378998 21.297233910607137 0.0
0.74951171875 75.82209024850056 2.8593563757078315 21.31855337579161 0.0
0.751953125 75.81091381976412 2.849472197519813 21.339613982716063 0.0
0.75439453125 75.79996866438948 2.8396145188000346 21.360416816810485 0.0
0.7568359375 75.7892535755437 2.829783460382386 21.38096296407392 0.0
0.75927734375 75.77876734901395 2.8199791399815246 21.401253511004533 0.0
0.76171875 75.76850878324473 2.810201672224762 21.42128954453052 0.0
0.76416015625 75.75847667937431 2.800451168683857 21.441072151941842 0.0
0.7666015625 75.74866984127048 2.7907277379067184 21.460602420822802 0.0
0.76904296875 75.73908707556556 2.781031485449004 21.479881438985437 0.0
0.771484375 75.72972719169066 2.7713625139056206 21.49891029440373 0.0
0.77392578125 75.72058900190923 2.761720922942115 21.517690075148654 0.0
0.7763671875 75.71167132135002 2.752106809325957 21.536221869324024 0.0
0.77880859375 75.70297296803915 2.742520266957705 21.554506765003154 0.0
0.78125 75.69449276293162 2.7329613869020597 21.572545850166332 0.0
0.78369140625 75.68622952994214 2.72343025741879 21.590340212639077 0.0
0.7861328125 75.67818209597523 2.71392696399354 21.60789094003123 0.0
0.78857421875 75.6703492909547 2.7044515893685057 21.625199119676797 0.0
0.791015625 75.66272994785241 2.695004213572983 21.642265838574605 0.0
0.79345703125 75.65532290271648 2.6855849139537784 21.65909218332975 0.0
0.7958984375 75.64812699469871 2.676193765205489 21.6756792400958 0.0
0.79833984375 75.64114106608157 2.666830839400636 21.692028094517795 0.0
0.80078125 75.63436396230433 2.6574962060196623 21.708139831676007 0.0
0.80322265625 75.62779453198874 2.648189931980779 21.72401553603048 0.0
0.8056640625 75.62143162696402 2.6389120816696714 21.739656291366305 0.0
0.80810546875 75.61527410229127 2.629662716969047 21.755063180739693 0.0
0.810546875 75.60932081628721 2.6204418972880386 21.770237286424756 0.0
0.81298828125 75.6035706305475 2.6112496795914466 21.785179689861067 0.0
0.8154296875 75.59802240996923 2.602086118428829 21.799891471601953 0.0
0.81787109375 75.59267502277307 2.5929512659634275 21.814373711263517 0.0
0.8203125 75.58752734052467 2.5838451720009368 21.828627487474407 0.0
0.82275390625 75.5825782381556 2.5747678840181076 21.8426538778263 0.0
0.8251953125 75.5778265939837 2.565719447191186 21.856453958825128 0.0
0.82763671875 75.57327128973284 2.556699904424185 21.87002880584299 0.0
0.830078125 75.56891121055223 2.5477092963769867 21.8833794930708 0.0
0.83251953125 75.56474524503508 2.5387476614932765 21.896507093471662 0.0
0.8349609375 75.56077228523684 2.5298150360283014 21.909412678734878 0.0
0.83740234375 75.55699122669282 2.520911454076458 21.922097319230737 0.0
0.83984375 75.55340096843537 2.512036947598703 21.934562083965936 0.0
0.84228515625 75.55000041301051 2.5031915464497896 21.94680804053971 0.0
0.8447265625 75.54678846649404 2.4943752784053217 21.958836255100657 0.0
0.84716796875 75.54376403850718 2.485588169188635 21.9706477923042 0.0
0.849609375 75.54092604223176 2.4768302424974924 21.982243715270766 0.0
0.85205078125 75.53827339442482 2.4681015200306 21.993625085544593 0.0
0.8544921875 75.53580501543284 2.4594020215139403 22.00479296305323 0.0
0.85693359375 75.53351982920543 2.450731764726924 22.015748406067654 0.0
0.859375 75.53141676330858 2.442090765528351 22.026492471163074 0.0
0.86181640625 75.52949474893745 2.4334790378821936 22.03702621318036 0.0
0.8642578125 75.5277527209287 2.424896593883189 22.047350685188118 0.0
0.86669921875 75.52618961777239 2.4163434437822433 22.05746693844538 0.0
0.869140625 75.5248043816234 2.407819596011653 22.067376022364954 0.0
0.87158203125 75.5235959583125 2.3993250572101323 22.077078984477378 0.0
0.8740234375 75.52256329735687 2.3908598322476564 22.08657687039549 0.0
0.87646484375 75.52170535197028 2.38242392425011 22.09587072377962 0.0
0.87890625 75.5210210790729 2.3740173346237494 22.10496158630337 0.0
0.88134765625 75.52050943930051 2.3656400630794745 22.113850497620035 0.0
0.8837890625 75.52016939701355 2.3572921076569053 22.122538495329568 0.0
0.88623046875 75.51999992030557 2.348973464748272 22.131026614946183 0.0
0.888671875 75.51999998101141 2.3406841291221094 22.139315889866506 0.0
0.89111328125 75.52016855471493 2.3324240939467633 22.147407351338337 0.0
0.8935546875 75.52050462075636 2.3241933508137014 22.15530202842997 0.0
0.89599609375 75.52100716223931 2.3159918897606326 22.163000948000075 0.0
0.8984375 75.52167516603741 2.3078196992944355 22.17050513466817 0.0
0.90087890625 75.5225076228005 2.2996767664138926 22.177815610785622 0.0
0.9033203125 75.52350352696055 2.291563076632232 22.18493339640723 0.0
0.90576171875 75.5246618767372 2.2834786139994776 22.191859509263338 0.0
0.908203125 75.52598167414293 2.275423361124605 22.19859496473248 0.0
0.91064453125 75.5274619249879 2.2673972991975067 22.2051407758146 0.0
0.9130859375 75.52910163888448 2.259400408010764 22.211497953104764 0.0
0.91552734375 75.53089982925135 2.251432665981227 22.217667504767437 0.0
0.91796875 75.53285551331737 2.243494050171401 22.22365043651124 0.0
0.92041015625 75.53496771212511 2.2355845363106432 22.229447751564255 0.0
0.9228515625 75.537235450534 2.2277040988161683 22.23506045064984 0.0
0.92529296875 75.53965775722322 2.219852710813858 22.240489531962925 0.0
0.927734375 75.54223366469428 2.212030344158886 22.24573599114684 0.0
0.93017578125 75.54496220927324 2.204236969456149 22.25080082127062 0.0
0.9326171875 75.5478424311127 2.196472556080505 22.2556850128068 0.0
0.93505859375 75.55087337419346 2.1887370721968282 22.260389553609713 0.0
0.9375 75.55405408632589 2.181030484779868 22.264915428894245 0.0
0.93994140625 75.557383619151 2.1733527596339233 22.269263621215085 0.0
0.9423828125 75.56086102814125 2.1657038614123265 22.27343511044643 0.0
0.94482421875 75.56448537260108 2.1580837536367405 22.277430873762174 0.0
0.947265625 75.5682557156672 2.150492398716267 22.281251885616527 0.0
0.94970703125 75.57217112430851 2.1429297579663698 22.28489911772512 0.0
0.9521484375 75.57623066932584 2.1353957916276105 22.288373539046557 0.0
0.95458984375 75.58043342535143 2.1278904588841994 22.29167611576438 0.0
0.95703125 75.58477847084814 2.120413717882361 22.29480781126951 0.0
0.95947265625 75.58926488810837 2.1129655257485167 22.29776958614312 0.0
0.9619140625 75.59389176325281 2.1055458386072807 22.30056239813991 0.0
0.96435546875 75.59865818622887 2.098154611599277 22.30318720217185 0.0
0.966796875 75.60356325080893 2.0907917988987723 22.30564495029229 0.0
0.96923828125 75.60860605458831 2.083457353731127 22.307936591680555 0.0
0.9716796875 75.61378569898304 2.076151228390067 22.310063072626882 0.0
0.97412109375 75.6191012892274 2.0688733742547756 22.312025336517806 0.0
0.9765625 75.62455193437124 2.061623741806804 22.31382432382194 0.0
0.97900390625 75.63013674727704 2.0544022806468085 22.315460972076146 0.0
0.9814453125 75.63585484461679 2.0472089395111057 22.316936215872097 0.0
0.98388671875 75.6417053468687 2.040043666288053 22.318250986843232 0.0
0.986328125 75.64768737831363 2.0329064080342554 22.3194062136521 0.0
0.98876953125 75.65380006703133 2.025797110990594 22.320402821978067 0.0
0.9912109375 75.6600425448965 2.018715720598084 22.321241734505403 0.0
0.99365234375 75.66641394757468 2.0116621815135582 22.32192387091175 0.0
0.99609375 75.67291341451788 2.0046364376251784 22.322450147856937 0.0
0.99853515625 75.67954008896004 1.9976384320677774 22.322821478972173 0.0
1.0009765625 75.68629311791238 1.990668107238029 22.32303877484958 0.0
1.00341796875 75.69317165215847 1.9837254048094508 22.323102943032076 0.0
1.005859375 75.70017484624913 1.9768102657472377 22.323014888003637 0.0
1.00830078125 75.70730185849722 1.9699226303229287 22.32277551117986 0.0
1.0107421875 75.71455185097221 1.9630624381289077 22.32238571089888 0.0
1.01318359375 75.72192398949461 1.9562296280927398 22.321846382412648 0.0
1.015625 75.72941744363017 1.9494241384913422 22.321158417878483 0.0
1.01806640625 75.737031386684 1.9426459069649935 22.320322706351007 0.0
1.0205078125 75.74476499569445 1.9358948705311805 22.319340133774368 0.0
1.02294921875 75.75261745142693 1.9291709655982834 22.318211582974786 0.0
1.025390625 75.76058793836748 1.9224741279791027 22.316937933653417 0.0
1.02783203125 75.76867564471625 1.9158042929042258 22.315520062379523 0.0
1.0302734375 75.77687976238082 1.909161395035237 22.313958842583954 0.0
1.03271484375 75.78519948696932 1.9025453684777698 22.312255144552914 0.0
1.03515625 75.79363401778355 1.895956146794404 22.310409835422046 0.0
1.03759765625 75.80218255781179 1.8893936630174093 22.30842377917079 0.0
1.0400390625 75.8108443137216 1.882857849661334 22.306297836617052 0.0
1.04248046875 75.81961849585242 1.8763486387354422 22.304032865412122 0.0
1.044921875 75.82850431820806 1.869865961756 22.301629720035923 0.0
1.04736328125 75.83750099844907 1.8634097497584108 22.299089251792495 0.0
1.0498046875 75.84660775788501 1.8569799333092019 22.296412308805767 0.0
1.05224609375 75.8558238214665 1.8505764425178641 22.293599736015608 0.0
1.0546875 75.86514841777729 1.8441992070485433 22.290652375174133 0.0
1.05712890625 75.8745807790261 1.8378481561315871 22.287571064842272 0.0
1.0595703125 75.88412014103841 1.8315232185749468 22.2843566403866 0.0
1.06201171875 75.8937657432481 1.825224322775436 22.281009933976428 0.0
1.064453125 75.90351682868899 1.8189513967298463 22.277531774581124 0.0
1.06689453125 75.91337264398632 1.8127043680459234 22.27392298796772 0.0
1.0693359375 75.92333243934806 1.8064831639532013 22.27018439669871 0.0
1.07177734375 75.93339546855613 1.800287711313699 22.266316820130147 0.0
1.07421875 75.94356098895756 1.7941179366324786 22.26232107440993 0.0
1.07666015625 75.95382826145554 1.7879737660680675 22.25819797247635 0.0
1.0791015625 75.96419655050036 1.7818551254427437 22.253948324056857 0.0
1.08154296875 75.97466512408022 1.775761940252689 22.249572935667054 0.0
1.083984375 75.98523325371204 1.7696941356780063 22.24507261060992 0.0
1.08642578125 75.99590021443211 1.763651636592607 22.240448148975247 0.0
1.0888671875 76.0066652847867 1.757634367573966 22.235700347639295 0.0
1.09130859375 76.01752774682257 1.751642252912748 22.23083000026466 0.0
1.09375 76.02848688607732 1.745675216622303 22.22583789730036 0.0
1.09619140625 76.03954199156983 1.7397331824480375 22.220724825982106 0.0
1.0986328125 76.0506923557905 1.7338160738766553 22.215491570332816 0.0
1.10107421875 76.06193727469142 1.727923814145276 22.21013891116328 0.0
1.103515625 76.07327604767647 1.722056326250428 22.204667626073068 0.0
1.10595703125 76.08470797759145 1.7162135329569186 22.199078489451594 0.0
1.1083984375 76.09623237071398 1.7103953568065813 22.193372272479404 0.0
1.11083984375 76.10784853674342 1.7046017201269035 22.187549743129633 0.0
1.11328125 76.11955578879078 1.6988325450395336 22.18161166616965 0.0
1.11572265625 76.1313534433684 1.6930877534686697 22.17555880316289 0.0
1.1181640625 76.14324082037977 1.68736726714933 22.169391912470857 0.0
1.12060546875 76.15521724310913 1.6816710076355077 22.163111749255314 0.0
1.123046875 76.16728203821111 1.6759988963082102 22.156719065480637 0.0
1.12548828125 76.17943453570022 1.6703508543833836 22.15021460991635 0.0
1.1279296875 76.19167406894042 1.6647268029197242 22.14359912813982 0.0
1.13037109375 76.20399997463447 1.6591266628263783 22.136873362539106 0.0
1.1328125 76.21641159281343 1.6535503548705304 22.130038052316003 0.0
1.13525390625 76.22890826682587 1.6479977996848814 22.12309393348921 0.0
1.1376953125 76.24148934332726 1.6424689177750182 22.116041738897675 0.0
1.14013671875 76.25415417226918 1.636963629526676 22.108882198204093 0.0
1.142578125 76.26690210688851 1.6314818552128925 22.10161603789854 0.0
1.14501953125 76.2797325036966 1.6260235150010574 22.094243981302288 0.0
1.1474609375 76.29264472246837 1.6205885289598572 22.086766748571716 0.0
1.14990234375 76.3056381262314 1.6151768170661158 22.07918505670242 0.0
1.15234375 76.31871208125497 1.6097882992115338 22.07149961953343 0.0
1.15478515625 76.33186595703906 1.6044228952093242 22.06371114775156 0.0
1.1572265625 76.34509912630325 1.5990805248007505 22.055820348895935 0.0
1.15966796875 76.35841096497579 1.5937611076615619 22.047827927362594 0.0
1.162109375 76.37180085218233 1.5884645634083336 22.039734584409278 0.0
1.16455078125 76.38526817023492 1.5831908116047075 22.031541018160315 0.0
1.1669921875 76.39881230462078 1.5779397717675365 22.023247923611635 0.0
1.16943359375 76.4124326439911 1.5727113633729348 22.01485599263592 0.0
1.171875 76.42612858014985 1.567505505862233 22.006365913987867 0.0
1.17431640625 76.43989950804253 1.5623221186478389 21.997778373309576 0.0
1.1767578125 76.45374482574489 1.5571611211190084 21.989094053136046 0.0
1.17919921875 76.46766393445162 1.5520224326475227 21.980313632900796 0.0
1.181640625 76.48165623846508 1.5469059725932757 21.971437788941593 0.0
1.18408203125 76.49572114518388 1.541811660309773 21.962467194506292 0.0
1.1865234375 76.50985806509162 1.5367394151495404 21.95340251975879 0.0
1.18896484375 76.52406641174544 1.5316891564694477 21.94424443178507 0.0
1.19140625 76.53834560176465 1.526660803635943 21.93499359459937 0.0
1.19384765625 76.55269505481932 1.5216542760302036 21.925650669150432 0.0
1.1962890625 76.56711419361888 1.5166694930532012 21.91621631332788 0.0
1.19873046875 76.58160244390062 1.5117063741306833 21.90669118196866 0.0
1.201171875 76.59615923441828 1.5067648387180728 21.897075926863607 0.0
1.20361328125 76.61078399693059 1.5018448063052847 21.887371196764082 0.0
1.2060546875 76.62547616618977 1.4969461964214623 21.877577637388725 0.0
1.20849609375 76.64023517993004 1.4920689286396334 21.867695891430277 0.0
1.2109375 76.65506047885617 1.4872129225812871 21.857726598562493 0.0
1.21337890625 76.66995150663192 1.4823780979208732 21.84767039544716 0.0
1.2158203125 76.68490770986855 1.4775643743902231 21.837527915741173 0.0
1.21826171875 76.69992853811334 1.4727716717828951 21.827299790103712 0.0
1.220703125 76.71501344383802 1.467999909958444 21.81698664620349 0.0
1.22314453125 76.73016188242725 1.4632490088466155 21.80658910872608 0.0
1.2255859375 76.74537331216715 1.458518888451468 21.796107799381332 0.0
1.22802734375 76.76064719423368 1.45380946885542 21.785543336910848 0.0
1.23046875 76.7759829926812 1.4491206702232262 21.774896337095537 0.0
1.23291015625 76.79138017443083 1.4444524128058824 21.764167412763246 0.0
1.2353515625 76.80683820925904 1.43980461694446 21.753357173796456 0.0
1.23779296875 76.82235656978605 1.43517720307387 21.742466227140042 0.0
1.240234375 76.83793473146429 1.43057009172656 21.731495176809116 0.0
1.24267578125 76.85357217256691 1.4259832035361415 21.720444623896913 0.0
1.2451171875 76.86926837417624 1.4214164592409513 21.70931516658277 0.0
1.24755859375 76.8850228201723 1.416869779687546 21.698107400140124 0.0
1.25 76.90083499722121 1.4123430858341315 21.68682191694462 0.0
1.25244140625 76.9167043947638 1.4078362987539268 21.675459306482235 0.0
1.2548828125 76.932630505004 1.4033493396384653 21.664020155357488 0.0
1.25732421875 76.94861282289743 1.398882129800832 21.65250504730169 0.0
1.259765625 76.96465084613986 1.3944345906788387 21.640914563181255 0.0
1.26220703125 76.98074407515576 1.390006643838137 21.62924928100606 0.0
1.2646484375 76.99689201308682 1.3855982109752718 21.617509775937865 0.0
1.26708984375 77.01309416578052 1.381209213920673 21.60569662029877 0.0
1.26953125 77.02935004177864 1.3768395746415898 21.593810383579726 0.0
1.27197265625 77.04565915230589 1.3724892152449644 21.581851632449105 0.0
1.2744140625 77.06202101125841 1.3681580579802495 21.569820930761292 0.0
1.27685546875 77.07843513519244 1.3638460252421682 21.557718839565343 0.0
1.279296875 77.09490104331286 1.3595530395734168 21.54554591711367 0.0
1.28173828125 77.11141825746185 1.355279023667313 21.533302718870786 0.0
1.2841796875 77.1279863021075 1.3510239003703883 21.520989797522063 0.0
1.28662109375 77.14460470433245 1.3467875926849269 21.50860770298257 0.0
1.2890625 77.1612729938226 1.3425700237714502 21.496156982405896 0.0
1.29150390625 77.17799070285574 1.338371116951149 21.48363818019307 0.0
1.2939453125 77.19475736629025 1.3341907957082635 21.47105183800145 0.0
1.29638671875 77.21157252155383 1.3300289836924117 21.458398494753716 0.0
1.298828125 77.22843570863226 1.3258856047208665 21.445678686646836 0.0
1.30126953125 77.24534647005808 1.3217605827807832 21.4328929471611 0.0
1.3037109375 77.26230435089941 1.317653842031378 21.420041807069175 0.0
1.30615234375 77.27930889874872 1.313565306806056 21.407125794445182 0.0
1.30859375 77.29635966371166 1.3094949016144923 21.394145434673813 0.0
1.31103515625 77.31345619839583 1.305442551144666 21.381101250459473 0.0
1.3134765625 77.33059805789969 1.3014081802648445 21.367993761835436 0.0
1.31591796875 77.3477847998014 1.2973917140255258 21.354823486173043 0.0
1.318359375 77.36501598414772 1.2933930776613312 21.34159093819092 0.0
1.32080078125 77.38229117344291 1.2894121965928544 21.328296629964207 0.0
1.3232421875 77.39960993263767 1.2854489964284672 21.31494107093383 0.0
1.32568359375 77.41697182911813 1.2815034029660797 21.301524767915772 0.0
1.328125 77.43437643269475 1.2775753421948575 21.288048225110376 0.0
1.33056640625 77.45182331559141 1.2736647402968975 21.274511944111666 0.0
1.3330078125 77.46931205243442 1.2697715236488598 21.260916423916694 0.0
1.33544921875 77.48684222024153 1.2658956188235597 21.24726216093488 0.0
1.337890625 77.50441339841105 1.2620369525915176 21.233549648997403 0.0
1.34033203125 77.52202516871093 1.2581954519224692 21.21977937936657 0.0
1.3427734375 77.5396771152679 1.2543710439868354 21.20595184074523 0.0
1.34521484375 77.55736882455663 1.2505636561571536 21.192067519286176 0.0
1.34765625 77.5750998853889 1.2467732160094696 21.178126898601594 0.0
1.35009765625 77.59286988890278 1.2429996513246915 21.164130459772483 0.0
1.3525390625 77.61067842855194 1.2392428900899068 21.150078681358114 0.0
1.35498046875 77.6285251000948 1.2355028604996612 21.135972039405488 0.0
1.357421875 77.64640950158395 1.2317794909572013 21.121811007458806 0.0
1.35986328125 77.66433123335533 1.2280727100756819 21.107596056568948 0.0
