0.0 74.0 25.0 0.0 1.0
0.009765625 72.32161285384333 22.03075574395822 4.569527377308684 1.0781040248897558
0.01953125 70.90741849950565 19.381277006506195 8.557369975903121 1.1539345180850311
0.029296875 69.71933675126091 17.02571531831545 12.027755151937502 1.2271927784861476
0.0390625 68.72504124866133 14.937917670434885 15.03933754156601 1.2977035393377903
0.048828125 67.89704039585277 13.092291639769078 17.645272168861815 1.3653957955163414
0.05859375 67.21190873441937 11.464381984327431 19.893426026859856 1.4302832543933548
0.068359375 66.64964576474455 10.031230318477323 21.826678132030818 1.4924457847473154
0.078125 66.1931415174832 8.771574863472077 23.483270915046784 1.5520127039979439
0.087890625 65.82773090715416 7.665934825926158 24.897185941178535 1.6091483257411499
0.09765625 65.54082162544877 6.696613688255412 26.09852479932298 1.6640398869728419
0.107421875 65.32158283440288 5.847647409741732 27.11388198293535 1.7168877729200438
0.1171875 65.1606841118787 5.104716967822345 27.966701083616083 1.767897836682881
0.126953125 65.05007596757629 4.4550395356474795 28.677608946635306 1.81727555014093
0.13671875 64.98280480640987 3.8872486306679868 29.26472485950665 1.8652217034154916
0.146484375 64.95285650240378 3.3912705480121863 29.743943571807712 1.9119293777763255
0.15625 64.95502379961701 2.95820211490734 30.129192145406943 1.9575819400687027
0.166015625 64.98479361511335 2.5801931057888234 30.432661441503097 2.0023518375947345
0.17578125 65.03825101695453 2.2503354101995625 30.66501356722111 2.0464000056247933
0.185546875 65.11199721717068 1.9625601418253056 30.835566908953584 2.089875732050425
0.1953125 65.20307938045092 1.7115432339514696 30.952460532334424 2.1329168532631932
0.205078125 65.30893042433368 1.4926196193692782 31.0227997750212 2.1756501812758477
0.21484375 65.42731729259336 1.3017057910759846 31.05278483218535 2.21819208414532
0.224609375 65.55629643375208 1.135230345457727 31.047824060746525 2.260649160043676
0.234375 65.69417542198542 0.9900719926657991 31.012633625156294 2.3031189601924913
0.244140625 65.8394798267791 0.863504457431959 30.95132498802885 2.3456907277600956
0.25390625 65.99092457744324 0.7531476710121603 30.867481622371752 2.3884461291728485
0.263671875 66.14738918452433 0.6569246589727834 30.764226194959093 2.4314599615437986
0.2734375 66.30789627669385 0.5730235510750812 30.64427934676596 2.4748008254651106
0.283203125 66.47159299237909 0.4998641719827509 30.510011079054436 2.5185317565837253
0.29296875 66.63773483308039 0.4360687101882789 30.363485644261914 2.562710812469414
0.302734375 66.8056716422841 0.38043600409288075 30.20650074009521 2.6073916135278106
0.3125 66.97483542198273 0.3319190262826852 30.040621713433527 2.652623838301057
0.322265625 67.14472973955849 0.28960518818034126 29.867211397671063 2.6984536745901107
0.33203125 67.31492051239601 0.25269912642975156 29.687456132626018 2.744924228548212
0.341796875 67.48502798706762 0.22050766900346977 29.502388449598197 2.7920758943307007
0.3515625 67.65471975510071 0.1924267128009075 29.312906844981395 2.8399466871169823
0.361328125 67.82370466887136 0.16792977532061998 29.119793013404486 2.8885725424035305
0.37109375 67.99172753963168 0.14655801086439635 28.923726865057823 2.9379875844460885
0.380859375 68.15856451553798 0.12791150677450824 28.72529961104966 2.9882243666378536
0.390625 68.3240190511926 0.11164169758188254 28.525025164752492 3.039314086473025
0.400390625 68.48791839197133 0.09744475484589257 28.32335007560285 3.091286777579916
0.41015625 68.65011050655366 0.08505582810317891 28.12066218421502 3.1441714811281303
0.419921875 68.81046140983902 0.07424402792287416 27.91729816350859 3.197996398729505
0.4296875 68.96885282601299 0.06480805579292437 27.713550089424754 3.2527890287693264
0.439453125 69.12518014808995 0.05657239763083524 27.50967116635211 3.30857628792709
0.44921875 69.27935065594579 0.049384008303132894 27.305880716273286 3.3653846194777834
0.458984375 69.43128195978495 0.04310942381773901 27.10236852659031 3.4232400898069923
0.46875 69.58090064026614 0.037632245974086216 26.899298639332812 3.48216847442696
0.478515625 69.72814106022645 0.03285095135423115 26.69681265377298 3.5421953346463373
0.48828125 69.8729443261729 0.02867698273746522 26.49503260516599 3.6033460859236506
0.498046875 70.01525738051691 0.02503308643074642 26.29406347422931 3.6656460588230395
0.5078125 70.15503220796893 0.021851863725203473 26.093995374915867 3.7291205533900054
0.517578125 70.29222514163442 0.019074508801321322 25.894905461890183 3.79379488767408
0.52734375 70.4267962562018 0.016649708988383145 25.696859593766103 3.8596944410437244
0.537109375 70.55870883722321 0.014532686404372445 25.499913783506795 3.9268446928656275
0.546875 70.68792891689189 0.012684362719724035 25.304115463333204 3.995271257055182
0.556640625 70.81442486794208 0.011070631153690759 25.10950458795772 4.064999912946506
0.56640625 70.93816704836318 0.009661721870866427 24.916114596887613 4.1360566328783275
0.576171875 71.05912749054879 0.008431648737096231 24.72397325386845 4.208467606845657
0.5859375 71.17727962931133 0.007357726953130056 24.533103379209614 4.282259264525927
0.595703125 71.2925980639001 0.006420152441050738 24.343523488707266 4.357458294951583
0.60546875 71.40505834977695 0.005601635038999755 24.15524835111556 4.434091664068488
0.615234375 71.51463681644215 0.004887078586911123 23.968289474580402 4.512186630390542
0.625 71.62131040807283 0.0042633018797809995 23.78265553111219 4.591770758935207
0.634765625 71.72505654414663 0.003718795242796572 23.598352727008862 4.672871933601721
0.64453125 71.82585299758122 0.0032435081595234136 23.415385126125695 4.755518368133565
0.654296875 71.92367778823345 0.002828663973443134 23.233754932004455 4.839738615788659
0.6640625 72.01850908987495 0.0024665981958706847 23.05346273410439 4.9255615778247925
0.673828125 72.11032514900018 0.002150617399601881 22.874507722706678 5.013016510893558
0.68359375 72.1991042140311 0.001874876066189514 22.69688787647933 5.102133033423398
0.693359375 72.28482447366574 0.0016342690930361639 22.52060012618008 5.192941131061154
0.703125 72.36746400327668 0.001424337961058209 22.345640497530795 5.2854711612314835
0.712890625 72.44700071840536 0.0012411888202002767 22.172004235909846 5.379753856864603
0.72265625 72.52341233452007 0.001081420973502917 21.999685915171526 5.475820329334905
0.732421875 72.59667633231179 0.0009420644350443441 21.828679532607296 5.573702070645881
0.7421875 72.66676992789561 0.0008205254066251643 21.65897859180724 5.673430954890526
0.751953125 72.73367004736723 0.0007145386657916299 21.490576174956267 5.775039239010716
0.76171875 72.79735330523489 0.0006221259865233462 21.323465005904545 5.878559562874048
0.771484375 72.85779598631038 0.0005415598261028738 21.15763750518139 5.984024948682141
0.78125 72.91497403069683 0.00047133160947490025 20.99308583797339 6.091468799720323
0.791015625 72.96886302155937 0.0004101240276512516 20.8298019559579 6.200924898455083
0.80078125 73.01943817540646 0.00035678684104300715 20.667777633770108 6.3124274039823955
0.810546875 73.06667433464641 0.000310315743410363 20.507004500783058 6.426010848827137
0.8203125 73.11054596221604 0.00026983389864003394 20.347474068794103 6.541710135091239
0.830078125 73.1510271381064 0.0002345758118554698 20.189177756135894 6.659560529945866
0.83984375 73.18809155763526 0.00020387323936549865 20.03210690866454 6.779597660460845
0.849609375 73.22171253133759 0.00017714287947058718 19.876252818020266 6.901857507762681
0.859375 73.25186298636444 0.00015387561887668345 19.72160673750583 7.026376400510852
0.869140625 73.27851546929706 0.00013362713802763572 19.568159895884357 7.153191007680551
0.87890625 73.3016421502976 0.00011600970359246826 19.415903509360064 7.282338330638753
0.888671875 73.32121482853054 0.0001006849980985339 19.26482879197209 7.413855694499274
0.8984375 73.33720493880034 8.735785569107056e-05 19.114926964602503 7.547780738741477
0.908203125 73.34958355935987 7.577078957715861e-05 18.966189262774204 7.684151407076361
0.91796875 73.35832142085363 6.569921118532621e-05 18.81860694339221 7.823005936542994
0.927734375 73.36338891636628 5.694725370939066e-05 18.672171290562456 7.964382845817571
0.9375 73.36475611255418 4.934412374046164e-05 18.526873620605258 8.108320922716839
0.947265625 73.36239276184268 4.2740914328307166e-05 18.382705286365855 8.254859210877148
0.95703125 73.35626831567726 3.700782123033467e-05 18.23965768091146 8.404036995590074
0.966796875 73.34635193882032 3.203171145836515e-05 18.097722240692974 8.555893788775272
0.9765625 73.33261252468961 2.771399965546344e-05 17.956890448239665 8.7104693130711
0.986328125 73.31501871173667 2.3968793445346316e-05 17.81715383444645 8.867803485023465
0.99609375 73.29353890086688 2.0721273798288634e-05 17.678503980505933 9.027936397353415
1.005859375 73.26814127390449 1.7906280739830984e-05 17.5409325195307 9.190908300284098
1.015625 73.23879381310786 1.5467078470366286e-05 17.40443113790569 9.356759581908001
1.025390625 73.20546432174179 1.335427723328007e-05 17.268991576405362 9.525530747575644
1.03515625 73.16812044571445 1.1524892126473244e-05 17.13460563110605 9.697262398287394
1.044921875 73.12672969628794 9.94152154895378e-06 17.00126515411998 9.871995208070562
1.0546875 73.08125947387116 8.571630156273711e-06 16.86896205417414 10.04976990032458
1.064453125 73.03167709290487 7.386923105664326e-06 16.73768829705422 10.230627223117835
1.07421875 72.9779498078482 6.362800038502129e-06 16.60743590593129 10.414607923420501
1.083984375 72.92004484027596 5.477878704540483e-06 16.47819696158661 10.601752720258759
1.09375 72.85792940709575 4.713579405649402e-06 16.349963602548087 10.792102276776795
1.103515625 72.79157074989327 4.0537625497516685e-06 16.222728025150065 10.985697171194163
1.11328125 72.72093616541326 3.484412578436178e-06 16.09648248352679 11.182577866647415
1.123046875 72.64599303718293 2.993362382025274e-06 15.97121928954842 11.382784679906303
1.1328125 72.56670886828313 2.5700530590986135e-06 15.846930812707466 11.58635774895638
1.142578125 72.48305131527157 2.2053245271120417e-06 15.723609479962407 11.793336999441529
1.15234375 72.39498822326077 1.8912330585760943e-06 15.601247775544499 12.003762109961702
1.162109375 72.30248766215175 1.6208923135701537e-06 15.479838240732898 12.217672476223074
1.171875 72.20551796402262 1.3883348731628161e-06 15.35937347360266 12.435107174039885
1.181640625 72.10404776166945 1.188391657451235e-06 15.23984612874954 12.65610492118939
1.19140625 71.9980460282944 1.0165869432965722e-06 15.121248916995011 12.880704038123682
1.201171875 71.88748211833398 8.690469864284466e-07 15.003574605074522 13.108942407544543
1.2109375 71.77232580941781 7.424205056716959e-07 14.886816015311583 13.340857432850136
1.220703125 71.65254734544561 6.33809508206383e-07 14.77096602527993 13.57648599546498
1.23046875 71.52811748076758 5.407091280218848e-07 14.65601756745578 13.815864411067546
1.240234375 71.39900752545009 4.609553185784429e-07 14.541963628861845 14.059028384732782
1.25 71.26518939160604 3.926793882139327e-07 14.428797250704639 14.30601296500997
1.259765625 71.12663564076564 3.3426849571330607e-07 14.316511528006343 14.55685249695956
1.26953125 70.98331953226031 2.843313360395473e-07 14.205099609232375 14.811580574176013
1.279296875 70.83521507258895 2.4166834455962275e-07 14.094554695915624 15.070229989827117
1.2890625 70.68229706573207 2.0524583398065881e-07 13.984870042278205 15.33283268674392
1.298828125 70.52454116437593 1.7417355320897513e-07 13.876038954851468 15.599419706599074
1.30859375 70.36192392200466 1.4768522282910436e-07 13.768054792094897 15.870021138215241
1.318359375 70.19442284581478 1.2512165907074542e-07 13.660910964014432 16.144666065049154
1.328125 70.02201645040226 1.0591614803724682e-07 13.55460093178072 16.423382511900904
1.337890625 69.84468431216841 8.958177552648086e-08 13.449118207347675 16.706197390902176
1.34765625 69.66240712438656 7.570045578541002e-08 13.34445635307171 16.99313644684131
1.357421875 69.47516675286734 6.391343570406729e-08 13.240608981331947 17.28422420188732
1.3671875 69.28294629215598 5.391307988576168e-08 13.137569754151668 17.579483899779316
1.376953125 69.08573012219095 4.54357672637066e-08 13.035332382821215 17.878937449552108
1.38671875 68.88350396534861 3.825575193818878e-08 12.93389062752254 18.182605368873148
1.396484375 68.67625494379425 3.217986009215025e-08 12.833238296955574 18.490506727070372
1.40625 68.46397163705574 2.704291156440328e-08 12.733369247966534 18.802659087934874
1.416015625 68.24664413973126 2.2703769231324356e-08 12.634277385178299 19.119078452386727
1.42578125 68.02426411923852 1.9041932043047234e-08 12.535956660622949 19.439779201096645
1.435546875 67.79682487350851 1.5954598617696302e-08 12.438401073376546 19.76477403716039
1.4453125 67.56432138852253 1.3354137925730003e-08 12.341604669196224 20.094073928927152
1.455078125 67.32675039558728 1.1165911978303042e-08 12.245561540159649 20.427688053087195
1.46484375 67.08411042823863 9.326402727965249e-09 12.150265824306892 20.76562373812811
1.474609375 66.83640187866078 7.781601736105167e-09 12.055711705284752 21.107886408272904
1.484375 66.58362705350395 6.4856266808137776e-09 11.961893411993548 21.454479528016922
1.494140625 66.32579022897995 5.399533577384987e-09 11.868805218236423 21.80540454738413
1.50390625 66.06289770511191 4.490297754119898e-09 11.77644144237115 22.160660848026684
1.513671875 65.79495785901078 3.729940249330854e-09 11.684796446964471 22.520245690294843
1.5234375 65.5219811970491 3.0947794420341665e-09 11.59386463844897 22.884154161407178
1.533203125 65.24398040579905 2.564790460375996e-09 11.503640466782475 23.252379124853707
1.54296875 64.9609704016001 2.1230572820994446e-09 11.414118425109999 23.62491117116687
1.552734375 64.67296837861919 1.7553044972166333e-09 11.325293049428216 24.001738570197304
1.5625 64.37999385526494 1.4494974853872509e-09 11.237158918252458 24.38284722503311
1.572265625 64.08206871881578 1.1955013049786622e-09 11.149710652286233 24.7682206277025
1.58203125 63.779217268121165 9.847899284731615e-10 11.062942914093258 25.1578398168008
1.591796875 63.47146625423467 8.101986168829968e-10 10.976850407771984 25.551683337183157
1.6015625 63.158844918837126 6.657132277345443e-10 10.89142787863262 25.949727201864548
1.611328125 62.841385030308956 5.462911175470061e-10 10.806670112876619 26.351944856268144
1.62109375 62.519120917311234 4.477090484594046e-10 10.722571937278643 26.758307144962423
1.630859375 62.19208949973659 3.6643415533554e-10 10.639128218870956 27.168782281026026
1.640625 61.8603303168927 2.9951458786074577e-10 10.556333864630272 27.583335818177524
1.650390625 61.523885552783575 2.4448692363348253e-10 10.474183821166992 28.001930625804956
1.66015625 61.18280005835671 1.992978633075772e-10 10.392673074416878 28.42452686702712
1.669921875 60.83712137058753 1.6223807637463044e-10 10.311796649335083 28.851081979915154
1.6796875 60.48689972827651 1.3188637393928666e-10 10.23154960959256 29.28155066199905
1.689453125 60.132188084438965 1.0706264956263303e-10 10.151927057274833 29.715884858179145
1.69921875 59.773042115172515 8.678825677367794e-11 10.072924132583084 30.15403375215762
1.708984375 59.40952022489281 7.025268724570591e-11 9.994536013537582 30.59594376149936
1.71875 59.04168354783446 5.6785581300743574e-11 9.916757915683394 31.041558536425367
1.728515625 58.669595945720644 4.5833246153475315e-11 9.839585091798394 31.49081896243513
1.73828125 58.2933240015124 3.693898043857323e-11 9.763012831603534 31.943663166847127
1.748046875 57.912937009156195 2.972660894260541e-11 9.687036461475369 32.40002652933871
1.7578125 57.52850695925686 2.3886721558595596e-11 9.611651344160814 32.85984169655844
1.767578125 57.14010852061181 1.916518743863374e-11 9.536852878494118 33.3230386008749
1.77734375 56.74781901755169 1.53535809879397e-11 9.462636499116044 33.78954448331691
1.787109375 56.35171840304244 1.2281212320598387e-11 9.388997676195226 34.25928392075005
1.796875 55.951889227514016 9.808502462205343e-12 9.315931915151696 34.73217885732448
1.806640625 55.548416603391445 7.821484127591492e-12 9.243434756382559 35.20814864021818
1.81640625 55.14138816531503 6.2272433479446565e-12 9.17150177498981 35.68711005968894
1.826171875 54.73089402604768 4.950146453932332e-12 9.100128580510253 36.168977393437125
1.8359375 54.317026728078964 3.928721699518093e-12 9.029310816647538 36.653662455269576
1.845703125 53.8998811909473 3.113085788094375e-12 8.959044161006272 37.14107464804333
1.85546875 53.479554654313624 2.4628232991993224e-12 8.8893243248282 37.63112102085572
1.865234375 53.05614661683223 1.945241991699501e-12 8.820147052730443 38.12370633043539
1.875 52.62975877087647 1.5339395904350771e-12 8.75150812244577 38.61873310667623
1.884765625 52.20049493318955 1.2076283011993412e-12 8.683403344564889 39.11610172224435
1.89453125 51.76846097154283 9.491722457426522e-13 8.615828562280747 39.61571046617547
1.904296875 51.3337647274963 7.448005224573168e-13 8.548779651134819 40.11745562136814
1.9140625 50.89651593536813 5.834648998908265e-13 8.482252518765367 40.621231545865925
1.923828125 50.45682613753199 4.563164271173413e-13 8.416243104657667 41.12693075780989
1.93359375 50.01480859617283 3.5627965722911197e-13 8.350747379896166 41.634444023930655
1.943359375 49.570578201642924 2.7770686381332213e-13 8.285761346918582 42.14366045143822
1.953125 49.124251377571525 2.1609770077388915e-13 8.22128103927191 42.654467583156354
1.962890625 48.675945982891854 1.6787231121500094e-13 8.157302521370324 43.16675149573766
1.97265625 48.22578121095964 1.3018801430097145e-13 8.093821888254974 43.68039690078526
1.982421875 47.7738774859472 1.007914602222454e-13 8.030835265355638 44.19528724869706
1.9921875 47.32035635670626 7.78996018941888e-14 7.968338808254239 44.71130483503943
2.001953125 46.86534038830138 6.010403776665493e-14 7.906328702450201 45.22833090924836
2.01171875 46.40895305142394 4.6294275201635824e-14 7.844801163127626 45.74624578544839
2.021484375 45.951318609903936 3.559628365009381e-14 7.783752434924288 46.26492895517174
2.03125 45.4925620065434 2.7323381007837795e-14 7.723178791702422 46.78425920175415
2.041015625 45.0328087475013 2.0937049921421727e-14 7.663076536321296 47.30411471617739
2.05078125 44.572184785464685 1.601573424787822e-14 7.603442000411558 47.824373214123746
2.060546875 44.11081640184528 1.223003671338281e-14 7.544271544151333 48.34491205400339
2.0703125 43.64883008824397 9.323041540612989e-15 7.485561556044064 48.86560835571197
2.080078125 43.18635242742849 7.094732465543529e-15 7.4273084526980835 49.38633911987343
2.08984375 42.723509974071035 5.3896771428260344e-15 7.369508678607902 49.90698134732107
2.099609375 42.260429135493624 4.087311734703248e-15 7.3121587059371915 50.4274121585692
2.109375 41.79723605266882 3.094291350130696e-15 7.255255034303466 50.947508913027725
2.119140625 41.33405648172265 2.338478611708817e-15 7.198794190564431 51.46714932771293
2.12890625 40.87101567618457 1.7642286453458511e-15 7.142772728606003 51.98621159520944
2.138671875 40.40823827022692 1.3286980498959656e-15 7.087187229131969 52.50457450064113
2.1484375 39.94584816313251 9.989610621378819e-16 7.03203429945529 53.022117537412214
2.158203125 39.483968405224914 7.497607673032301e-16 6.977310573291032 53.538721021484065
2.16796875 39.02272108549064 5.617589266921993e-16 6.9230127105508945 54.05426620395848
2.177734375 38.562227221116586 4.2017652273131136e-16 6.869137397139353 54.56863538174407
2.1875 38.10260664915942 3.1373985905071395e-16 6.815681344751377 55.08171200608921
2.197265625 37.643977920556125 2.3386513671405845e-16 6.762641290671733 55.59338078877215
2.20703125 37.186458196676845 1.740287799414059e-16 6.710013997575837 56.103527805747326
2.216796875 36.73016314861256 1.292821514630385e-16 6.657796253332165 56.61204059805528
2.2265625 36.27520685938067 9.587828099724658e-17 6.605984870806202 57.118808269813144
2.236328125 35.82170172922175 7.098531497120776e-17 6.554576687665906 57.623721583112356
2.24609375 35.36975838415064 5.2466970932713545e-17 6.503568566188705 58.12667304966066
2.255859375 34.919485587913805 3.871465831313594e-17 6.4529573930699735 58.62755701901623
2.265625 34.47099015749415 2.851935799183039e-17 6.402740079233017 59.12626976327284
2.275390625 34.02437688229288 2.097403574154742e-17 6.352913559640527 59.622709558066596
2.28515625 33.57974844710603 1.5399457760301675e-17 6.303474793107505 60.11677675978647
2.294921875 33.1372053590016 1.1287906156222726e-17 6.254420762115642 60.608373878882766
2.3046875 32.69684587819088 8.260558346202393e-18 6.2057484726291445 61.09740564917998
2.314453125 32.25876595297539 6.035275854492091e-18 6.157454953911989 61.583779093112625
2.32421875 31.823059158838475 4.402307280862216e-18 6.109537258346605 62.067403582814926
2.333984375 31.389816641738395 3.205996310898731e-18 6.061992461253964 62.54819089700765
2.34375 30.959127065647383 2.3310370938517747e-18 6.01481766071507 63.02605527363755
2.353515625 30.531076564369098 1.6921663063827428e-18 5.968009977393842 63.500913458237065
2.36328125 30.105748697654818 1.2264473544780201e-18 5.921566554361369 63.97268474798382
2.373046875 29.683224411626984 8.875058480205213e-19 5.8754845569215375 64.44129103145148
2.3828125 29.26358200350716 6.412310366370539e-19 5.829761172438016 64.90665682405483
2.392578125 28.846897090634155 4.625764417399281e-19 5.784393610162582 65.36870929920327
2.40234375 28.433242583747237 3.3318307168060016e-19 5.739379101064789 65.82737831518799
2.412109375 28.02268866449869 2.396170212089883e-19 5.694714897662956 66.28259643783836
2.421875 27.615302767149867 1.7206506546957915e-19 5.650398273856475 66.73429895899368
2.431640625 27.211149564395146 1.2337101089679786e-19 5.6064265247594225 67.18242391084546
2.44140625 26.810290957248924 8.83250910808853e-20 5.562796966535462 67.62691207621563
2.451171875 26.412786068921964 6.314091569784561e-20 5.51950693623404 68.06770699484402
2.4609375 26.018691242605115 4.507116813754043e-20 5.4765537916278495 68.50475496576706
2.470703125 25.6280600430707 3.212575433140274e-20 5.433934911051558 68.93800504587777
2.48046875 25.24094326199455 2.2865459726664702e-20 5.3916476932417945 69.36740904476369
2.490234375 24.857388926895016 1.6251153774096847e-20 5.349689557178383 69.79292151592664
2.5 24.477442313579136 1.1533782665549275e-20 5.308057941926805 70.21449974449409
2.509765625 24.10114596198051 8.174257920279364e-21 5.266750306481892 70.63210373153763
2.51953125 23.728539695268477 5.785217447933873e-21 5.225764129612737 71.04569617511882
2.529296875 23.359660642103655 4.088760193605869e-21 5.185096909708807 71.45524244818758
2.5390625 22.994543261911026 2.8858255315141717e-21 5.144746164627255 71.86071057346176
2.548828125 22.63321937303836 2.034046642937887e-21 5.104709431541427 72.26207119542025
2.55859375 22.275718183664996 1.431759649272938e-21 5.064984266790535 72.6592975495445
2.568359375 21.922066325323616 1.006476678353785e-21 5.025568245730514 73.0523654289459
2.578125 21.572287888896003 7.065904248605219e-22 4.986458962586026 73.441253148518
2.587890625 21.22640446294234 4.9541402370023985e-22 4.947654030303627 73.82594150675406
2.59765625 20.884435174222983 3.4690572865589346e-22 4.909151080406071 74.20641374537098
2.607421875 20.54639673027119 2.426070473685077e-22 4.870947762847747 74.5826555068811
2.6171875 20.21230346387551 1.6945339639598756e-22 4.833041745871246 74.95465479025327
2.626953125 19.882167379331023 1.1821109697043707e-22 4.79543071586504 75.32240190480397
2.63671875 19.555998200319674 8.236325765230097e-23 4.758112377222266 75.68588942245809
2.646484375 19.2338034192812 5.7316846639821e-23 4.7210844522006195 76.04511212851821
2.65625 18.91558834813795 3.9839216047544954e-23 4.684344680783324 76.40006697107876
2.666015625 18.601356170238848 2.7658283339725506e-23 4.647890820541197 76.75075300921999
2.67578125 18.291107993390288 1.9179259085878875e-23 4.611720646495776 77.09717136011398
2.685546875 17.984842903844182 1.3284243308860728e-23 4.57583195098352 77.43932514517233
2.6953125 17.682558021116495 9.190654244461478e-24 4.540222543521062 77.77721943536248
2.705078125 17.384248553512688 6.351361911838867e-24 4.504890250671512 78.11086119581584
2.71484375 17.089907854239883 4.38434098212452e-24 4.469832915911799 78.44025922984837
2.724609375 16.799527477989148 3.02318698727833e-24 4.435048399501051 78.76542412250984
2.734375 16.513097237875098 2.0823565757160914e-24 4.40053457834999 79.08636818377495
2.744140625 16.230605262623826 1.4327840956627264e-24 4.366289345891349 79.40310539148487
2.75390625 15.952038053904332 9.848001634968495e-25 4.332310611951303 79.71565133414441
2.763671875 15.677380543702665 6.761815223662778e-25 4.298596302621881 80.0240231536755
2.7734375 15.406616151642256 4.638017774961035e-25 4.2651443601344 80.32823948822339
2.783203125 15.139726842158256 3.1780557487159924e-25 4.2319527427338555 80.62832041510794
2.79296875 14.876693181437977 2.1754877767205093e-25 4.199019424554308 80.92428739400776
2.802734375 14.617494394043966 1.4877289973163317e-25 4.166342395495233 81.21616321046085
2.8125 14.36210841914061 1.0164102366086796e-25 4.133919661098832 81.5039719197606
2.822265625 14.110511966249561 6.937423353743972e-26 4.1017492424283 81.78773879132218
2.83203125 13.862680570463674 4.7306110053241184e-26 4.069829175947042 82.06749025358933
2.841796875 13.618588647053445 3.222790083713619e-26 4.038157513398825 82.34325383954777
2.8515625 13.3782095454043 2.193554200099633e-26 4.006732321688867 82.61505813290687
2.861328125 13.141515602227273 1.4916676764443988e-26 3.9755516827658504 82.88293271500692
2.87109375 12.908478193989838 1.013465318046403e-26 3.94461369350485 83.14690811250536
2.880859375 12.679067788517733 6.879620905505264e-27 3.913916465591177 83.40701574589113
2.890625 12.45325399572264 4.665998374958629e-27 3.8834581254051255 83.66328787887227
2.900390625 12.231005617414526 3.1619480240350066e-27 3.8532368139076123 83.91575756867789
2.91015625 12.012290696161227 2.1409202928420474e-27 3.823250686526713 84.16445861731209
2.919921875 11.797076563161635 1.4483963122547995e-27 3.7934979130450754 84.40942552379332
2.9296875 11.585329885102396 9.790861860489537e-28 3.7639766774882117 84.65069343740942
2.939453125 11.377016709971533 6.613120664027952e-28 3.7346851780136605 84.88829811201482
2.94921875 11.172102511805779 4.463230743712771e-28 3.70562162680101 85.12227586139323
2.958984375 10.970552234351615 3.0099196835960076e-28 3.676784249942777 85.35266351570563
2.96875 10.772330333623147 2.028282295635453e-28 3.6481712873361367 85.57949837904074
2.978515625 10.577400819342918 1.365761968898628e-28 3.619780992575493 85.80281818808162
2.98828125 10.385727295254592 9.189669550947902e-29 3.5916116328458862 86.02266107189955
2.998046875 10.197272998299194 6.178856733420591e-29 3.5636614888172304 86.2390655128836
3.0078125 10.012000836649143 4.151497080210762e-29 3.5359288545393723 86.45207030881151
3.017578125 9.829873426596778 2.7873705177883584e-29 3.5084120373379686 86.66171453606528
3.02734375 9.650853128296422 1.8701779738949776e-29 3.4811093577111722 86.86803751399243
3.037109375 9.47490208036118 1.253932914407643e-29 3.4540191492271237 87.07107877041173
3.046875 9.301982233317775 8.40182432571845e-30 3.427139758422239 87.27087800826001
3.056640625 9.132055381924648 5.625816512444037e-30 3.4004695447002913 87.46747507337508
3.06640625 8.96508319636034 3.764565753865225e-30 3.3740068802322734 87.66090992340742
3.076171875 8.801027252290925 2.5174809545223083e-30 3.347750149857045 87.85122259785206
3.0859375 8.639849059826792 1.6824572975029184e-30 3.32169775098275 88.03845318919049
3.095703125 8.481510091380542 1.1237066867305785e-30 3.2958480934890013 88.22264181513049
3.10546875 8.32597180843914 7.500623881016259e-31 3.2701995996298265 88.40382859193106
3.115234375 8.173195687264695 5.0035899365743965e-31 3.2447507039373704 88.58205360879796
3.125 8.023143243539339 3.335878800802788e-31 3.219499853126346 88.75735690333434
3.134765625 7.875776055970778 2.2227331203207243e-31 3.1944455059992274 88.92977843803001
3.14453125 7.731055788875966 1.480188743655699e-31 3.169586133352184 89.09935807777187
3.154296875 7.588944213761221 9.851531463847088e-32 3.1449202178817446 89.26613556835706
3.1640625 7.449403229917865 6.553169076268702e-32 3.1204462540921862 89.43015051598996
3.173828125 7.312394884053108 4.3567637477173364e-32 3.096162748203648 89.59144236774326
3.18359375 7.177881388976499 2.894980493081107e-32 3.0720682180609553 89.75005039296256
3.193359375 7.045825141362776 1.9226498196688824e-32 3.048161193043158 89.90601366559409
3.203125 6.916188738612365 1.2762375734206462e-32 3.0244402139737674 90.05937104741389
3.212890625 6.788934994831139 8.46727092351857e-33 3.000903833031699 90.21016117213719
3.22265625 6.664026955951352 5.614870351549876e-33 2.9775506136628995 90.35842243038577
3.232421875 6.541427914015878 3.7215516717941286e-33 2.9543791304926694 90.50419295549148
3.2421875 6.421101420648064 2.4654719045281556e-33 2.931387969238663 90.6475106101133
3.251953125 6.303011299729614 1.6325681930927385e-33 2.908575726624567 90.78841297364585
3.26171875 6.187121659308977 1.0805413774482688e-33 2.885941010294452 90.9269373303966
3.271484375 6.073396902762734 7.148480645262953e-34 2.8634824387277873 91.0631206585095
3.28125 5.961801739232436 4.727067260164511e-34 2.8411986411551218 91.19699961961247
3.291015625 5.8523011933592555 3.1244881130658333e-34 2.8190882574744163 91.32861054916636
3.30078125 5.74486061433872 2.0643262887296558e-34 2.7971499381680305 91.45798944749328
3.310546875 5.63944568431762 1.3633062980761494e-34 2.7753823442203536 91.58517197146206
3.3203125 5.5360224261549895 8.999686420417831e-35 2.753784147036077 91.71019342680897
3.330078125 5.434557210568873 5.938589522599693e-35 2.732354028359103 91.83308876107206
3.33984375 5.335016762690287 3.917097087109714e-35 2.711090680192085 91.95389255711767
3.349609375 5.237368168045556 2.5826973376749146e-35 2.6899928047165917 92.0726390272379
3.359375 5.141578877987878 1.702212781840538e-35 2.6690591142138964 92.18936200779827
3.369140625 5.047616714598663 1.1214716153902261e-35 2.6482883309863783 92.304094954415
3.37890625 4.955449875078839 7.385837266783377e-36 2.6276791872795386 92.41687093764168
3.388671875 4.865046935649978 4.862404087206446e-36 2.607230425204623 92.52772263914545
3.3984375 4.776376854984699 3.1999635578839946e-36 2.586940796661845 92.6366823483535
3.408203125 4.689408977185441 2.1051567928526884e-36 2.566809063264208 92.7437819595504
3.41796875 4.604113034330294 1.3844332013292166e-36 2.54683399626192 92.84905296940784
3.427734375 4.520459148604159 9.101445498795507e-37 2.5270143764673954 92.95252647492849
3.4375 4.43841783403311 5.981390661646989e-37 2.5073489941808416 93.0542331717861
3.447265625 4.357959997839397 3.929614679041674e-37 2.4878366491164257 93.15420335304422
3.45703125 4.2790569414341 2.5808115891096836e-37 2.4684761503290122 93.25246690823694
3.466796875 4.201680361064029 1.6944300815882702e-37 2.4492663161414754 93.34905332279455
3.4765625 4.12580234812901 1.1121272143677265e-37 2.4302059740725737 93.44399167779846
3.486328125 4.051395389185279 7.297114253144343e-38 2.411293960765387 93.53731065004938
3.49609375 3.978432365650249 4.786477748063194e-38 2.3925291219163105 93.62903851243348
3.505859375 3.9068865532235106 3.1387120773896163e-38 2.3739103122046026 93.71920313457193
3.515625 3.836731621038457 2.057594185102649e-38 2.3554363952224775 93.8078319837391
3.525390625 3.767941630558517 1.3484753590201836e-38 2.3371062434057452 93.89495212603578
3.53515625 3.700491034231538 8.834938813302525e-39 2.318918737964991 93.9805902278035
3.544921875 3.634354673915442 5.786866624828488e-39 2.300872768817287 94.0647725572673
3.5546875 3.5695077790878473 3.789351670700287e-39 2.2829672345184413 94.14752498639375
3.564453125 3.5059259648519405 2.4806754087116357e-39 2.2652010421957676 94.22887299295233
3.57421875 3.4435852297504677 1.6235310641955634e-39 2.2475731074813825 94.30884166276819
3.583984375 3.3824619533993068 1.062279742543555e-39 2.2300823544460213 94.38745569215472
3.59375 3.322532893951688 6.9487518056816315e-40 2.212727715533367 94.46473939051499
3.603515625 3.2637751854037305 4.544292057344253e-40 2.195508131494891 94.54071668310142
3.61328125 3.206166334751582 2.9711125404570324e-40 2.1784225513252045 94.61541111392326
3.623046875 3.149684219010074 1.9420806589863903e-40 2.161469932197906 94.68884584879207
3.6328125 3.0943070821024152 1.2691488054836472e-40 2.1446492394019336 94.7610436784957
3.642578125 3.0400135316301133 8.291951307865915e-41 2.127959446278412 94.83202702209152
3.65234375 2.986782535531926 5.41628636352936e-41 2.111399534157988 94.90181793031013
3.662109375 2.9345934186403233 3.5371127030978844e-41 2.0949684922986567 94.97043808906106
3.671875 2.883425859143583 2.309405950359756e-41 2.0786653178240693 95.0379088230324
3.681640625 2.8332598849613273 1.5075003813572005e-41 2.062489015662324 95.1042510993764
3.69140625 2.78407587004097 9.83834353306875e-42 2.0464385984852296 95.16948553147385
3.701171875 2.7358545305822424 6.419416317636887e-42 2.0305130866480434 95.23363238276977
3.7109375 2.688576921196654 4.187739720673872e-42 2.0147115081296794 95.29671157067372
3.720703125 2.6422244310084477 2.731341141008499e-42 1.9990328984733798 95.35874267051823
3.73046875 2.596778779703319 1.7810899506552256e-42 1.983476300727849 95.41974491956888
3.740234375 2.5522220135308924 1.1612103279308919e-42 1.9680407653888456 95.47973722108031
3.75 2.5085365012666725 7.569244189425147e-43 1.9527253503412285 95.53873814839216
3.759765625 2.4657049301389193 4.933011919127447e-43 1.9375291208014556 95.59676594905969
3.76953125 2.4237103017256514 3.2143357733130787e-43 1.9224511492605276 95.65383854901388
3.779296875 2.3825359278267246 2.0940696684523544e-43 1.9074905154273782 95.70997355674596
3.7890625 2.342165426315696 1.3639962367877544e-43 1.892646306172703 95.76518826751168
3.798828125 2.3025827169759503 8.882980469771787e-44 1.877917615473226 95.8194996675509
3.80859375 2.2637720173253437 5.78400999604247e-44 1.8633035443564008 95.87292443831834
3.818359375 2.225717838433403 3.7655241166556663e-44 1.8488032008455406 95.92547896072114
3.828125 2.188404980734905 2.4510329942558556e-44 1.834415699905377 95.97717931935979
3.837890625 2.1518185298434624 1.595149668101797e-44 1.82014016338804 96.02804130676857
3.84765625 2.1159438523685483 1.0379668467240667e-44 1.8059757199794617 96.07808042765207
3.857421875 2.080766591739201 6.752995729307808e-45 1.7919215051461934 96.12731190311469
3.8671875 2.0462726640374713 4.392801501414355e-45 1.7779766610826395 96.17575067487996
3.876953125 2.0124482538445028 2.857063775203311e-45 1.7641403366587007 96.22341140949688
3.88671875 1.9792798101019584 1.8579441756365957e-45 1.7504116873678246 96.2703085025303
3.896484375 1.9467540419913631 1.208038722098221e-45 1.7367898752754611 96.31645608273325
3.90625 1.9148579148337563 7.853542436652044e-46 1.723274068967919 96.3618680161984
3.916015625 1.8835786460119175 5.1049081934219104e-46 1.7098634435016193 96.40655791048654
3.92578125 1.8529037009172717 3.3177901689479796e-46 1.6965571803527455 96.45053911873006
3.935546875 1.8228207889234551 2.15600394500513e-46 1.6833544673672838 96.49382474370934
3.9453125 1.7933178593883805 1.4008474362058734e-46 1.6702544987114534 96.53642764190025
3.955078125 1.7643830976865227 9.10067824581072e-47 1.6572564748225218 96.57836042749103
3.96484375 1.7360049212730193 5.91152149660102e-47 1.6443596023600031 96.61963547636705
3.974609375 1.7081719757810696 3.8394438522503686e-47 1.6315630941572363 96.66026493006177
3.984375 1.6808731311540006 2.49334185595379e-47 1.61886616917334 96.70026069967274
3.994140625 1.654097477813265 1.6189770796200312e-47 1.6062680524455408 96.73963446974128
4.00390625 1.627834322863536 1.0511043388164295e-47 1.5937679750418747 96.77839770209467
4.013671875 1.6020731863359612 6.823356868763127e-48 1.581365174014253 96.81656163964986
4.0234375 1.576803797470557 4.4289250231183714e-48 1.569058892351896 96.85413731017762
4.033203125 1.5520160910386223 2.874401269027393e-48 1.5568483789351297 96.89113553002632
4.04296875 1.5277002037059766 1.865288933086308e-48 1.5447328884895393 96.92756690780456
4.052734375 1.5038464704377477 1.21030628875879e-48 1.5327116815404813 96.96344184802184
4.0625 1.4804454209453475 7.852278936638542e-49 1.5207840243679505 96.99877055468677
4.072265625 1.4574877761762168 5.093873768655379e-49 1.5089491889617954 97.03356303486206
4.08203125 1.4349644448468362 3.3041019059592237e-49 1.497206452977285 97.06782910217595
4.091796875 1.4128665200194461 2.1429509630100264e-49 1.4855550996910196 97.10157838028961
4.1015625 1.391185275722851 1.3897136182252088e-49 1.4739944179571853 97.13482030632004
4.111328125 1.369912163617621 9.0114234019638e-50 1.462523702164149 97.16756413421831
4.12109375 1.3490388097059585 5.842748438177893e-50 1.451142252191391 97.19981893810274
4.130859375 1.3285570110864282 3.7878902361018797e-50 1.439849373366773 97.23159361554688
4.140625 1.3084587327537167 2.455470215481593e-50 1.4286443764241379 97.26289689082223
4.150390625 1.288736104443523 1.591584539196145e-50 1.4175265774612407 97.29373731809532
4.16015625 1.2693814175226499 1.0315330942042316e-50 1.4064952978980059 97.32412328457943
4.169921875 1.2503871219243143 6.684911732407278e-51 1.3955498644351103 97.35406301364065
4.1796875 1.2317458231286602 4.331794826714472e-51 1.3846896090128877 97.38356456785853
4.189453125 1.2134502791884154 2.806728403665629e-51 1.3739138687705534 97.4126358520411
4.19921875 1.1954933977996027 1.8184184129389612e-51 1.3632219860057466 97.44128461619472
4.208984375 1.1778682334171782 1.1780094326956633e-51 1.3526133081343867 97.4695184584485
4.21875 1.1605679844154388 7.630725295487957e-52 1.3420871876508431 97.49734482793379
4.228515625 1.1435859902930157 4.942487163504779e-52 1.331642982088414 97.52477102761864
4.23828125 1.1269157289222338 3.2010210144667575e-52 1.3212800539801128 97.55180421709773
4.248046875 1.1105508138426028 2.072980895254971e-52 1.310997770819761 97.57845141533771
4.2578125 1.0944849915981714 1.3423520103006934e-52 1.3007955050233826 97.60471950337852
4.267578125 1.078712139118458 8.691653678171258e-53 1.290672633890898 97.63061522699071
4.27734375 1.063226261142652 5.627348500088068e-53 1.2806285395681187 97.6561451992893
4.287109375 1.048021487686755 3.6431002938720772e-53 1.2706626090090358 97.68131590330428
4.296875 1.0330920715533185 2.3583315770455495e-53 1.2607742339384025 97.70613369450835
4.306640625 1.0184323858834134 1.526530632952724e-53 1.2509628108146071 97.73060480330206
4.31640625 1.0040369217504561 9.880378628714682e-54 1.2412277407928365 97.75473533745678
4.326171875 0.9899002857954957 6.394543351594127e-54 1.231568429688525 97.77853128451605
4.3359375 0.9760171979035598 4.138222506655767e-54 1.2219842879410876 97.80199851415543
4.345703125 0.9623824889206397 2.6778543746715657e-54 1.2124747305779366 97.8251427805015
4.35546875 0.9489910984108884 1.7327238005599992e-54 1.2030391771787774 97.8479697244104
4.365234375 0.9358380724535915 1.121092476390565e-54 1.1936770518401814 97.8704848757063
4.375 0.922918561479467 7.253100309182166e-55 1.1843877831404366 97.89269365538017
4.384765625 0.9102278181458363 4.692199905629429e-55 1.17517080410467 97.91460137774956
4.39453125 0.8977611952502061 3.0352909499397635e-55 1.1660255521702423 97.93621325257962
4.404296875 0.8855141436817928 1.9633401986027754e-55 1.1569514691524112 97.95753438716586
4.4140625 0.8734822104105153 1.2698797777193023e-55 1.147948001210263 97.97856978837929
4.423828125 0.8616610365129782 8.213000919388124e-56 1.1390145988129077 97.99932436467418
4.43359375 0.8500463552349625 5.311457888764156e-56 1.1301507167059393 98.01980292805916
4.443359375 0.8386339900899382 3.4347774672643114e-56 1.1213558138781548 98.04001019603197
