0.0 75.0 25.0 0.0 0.0
0.009765625 73.31444688822444 22.108251326955042 4.57730178482052 0.0
0.01953125 71.89214543851834 19.521393233050848 8.586461328430808 0.0
0.029296875 70.69590131735121 17.21523088106887 12.088867801579914 0.0
0.0390625 69.69407035157657 15.165248911404941 15.14068073701849 0.0
0.048828125 68.85968246522008 13.347425433192791 17.792892101587128 0.0
0.05859375 68.16970652769943 11.738774750512464 20.0915187217881 0.0
0.068359375 67.60443533937801 10.31768656281395 22.077878097808032 0.0
0.078125 67.14697177096785 9.06411543526781 23.788912793764336 0.0
0.087890625 66.78279939819906 7.959662463132348 25.257538138668586 0.0
0.09765625 66.49942337950327 6.987581278204026 26.512995342292704 0.0
0.107421875 66.28606958185287 6.132732686692392 27.581197731454736 0.0
0.1171875 66.13343196710088 5.381506025989296 28.485062006909825 0.0
0.126953125 66.03345997877815 4.721720506106258 29.24481951511558 0.0
0.13671875 65.97917912553685 4.142516100529048 29.878304773934104 0.0
0.146484375 65.96453916816232 3.6342407431285064 30.401220088709177 0.0
0.15625 65.98428531466129 3.1883384807153816 30.827376204623327 0.0
0.166015625 66.03384864519339 2.7972416676358636 31.168909687170757 0.0
0.17578125 66.1092526558992 2.454269143211269 31.436478200889535 0.0
0.185546875 66.20703335464897 2.153531504929042 31.639435140421984 0.0
0.1953125 66.32417078507676 1.8898440019815699 31.785985212941668 0.0
0.205078125 66.45803021688498 1.6586471645424665 31.883322618572556 0.0
0.21484375 66.6063115358438 1.455935007626218 31.937753456529986 0.0
0.224609375 66.76700560882267 1.2781904691036203 31.95480392207371 0.0
0.234375 66.93835659781323 1.1223276326588203 31.93931576952796 0.0
0.244140625 67.11882936048123 0.985640228045793 31.89553041147298 0.0
0.25390625 67.30708120994849 0.8657558779139425 31.827162912137563 0.0
0.263671875 67.50193741857642 0.7605955616037634 31.737467019819814 0.0
0.2734375 67.70236994377517 0.6683377835010154 31.62929227272382 0.0
0.283203125 67.90747893173116 0.5873869608493748 31.50513410741947 0.0
0.29296875 68.11647662019658 0.5163455790980906 31.36717780070534 0.0
0.302734375 68.32867331634853 0.45398969889140006 31.21733698476008 0.0
0.3125 68.54346517200842 0.39924743560305415 31.057287392388538 0.0
0.322265625 68.76032351767806 0.35118006847430105 30.888496413847662 0.0
0.33203125 68.97878555009144 0.3089654710141996 30.712248978894383 0.0
0.341796875 69.19844619627486 0.2718835868113215 30.529670216913846 0.0
0.3515625 69.41895100125195 0.23930370498396278 30.341745293764117 0.0
0.361328125 69.639989907184 0.21067331703791026 30.149336775778117 0.0
0.37109375 69.8612918094426 0.1855083619041865 29.95319982865324 0.0
0.380859375 70.08261979032383 0.16338468847214127 29.753995521204054 0.0
0.390625 70.30376694420676 0.1439305851447042 29.55230247064856 0.0
0.400390625 70.52455271924852 0.1268202439810202 29.348627036770484 0.0
0.41015625 70.74481971045773 0.11176804303005108 29.143412246512234 0.0
0.419921875 70.96443084741993 0.0985235446741753 28.937045607905908 0.0
0.4296875 71.18326692725012 0.0868671203686463 28.72986595238125 0.0
0.439453125 71.40122444967854 0.0766061232478837 28.52216942707359 0.0
0.44921875 71.6182137166704 0.06757153982974805 28.314214743499864 0.0
0.458984375 71.83415716375436 0.05961506062931718 28.106227775616336 0.0
0.46875 72.04898789438637 0.052606517027112894 27.898405588586527 0.0
0.478515625 72.26264839228871 0.04643163834380089 27.690919969367496 0.0
0.48828125 72.47508938985143 0.040990088862776 27.4839205212858 0.0
0.498046875 72.68626887342667 0.03619374961112818 27.277537376962208 0.0
0.5078125 72.89615120873901 0.03196521414512234 27.071883577115877 0.0
0.517578125 73.10470637172304 0.028236471465697726 26.867057156811278 0.0
0.52734375 73.31190927192266 0.02494775258096051 26.663142975496395 0.0
0.537109375 73.51773915717958 0.022046520196596402 26.460214322623848 0.0
0.546875 73.72217908973062 0.01948658360479639 26.258334326664613 0.0
0.556640625 73.92521548505115 0.01722732310449775 26.05755719184437 0.0
0.56640625 74.1268377058469 0.015233010261628363 25.857929283891494 0.0
0.576171875 74.32703770452837 0.013472212043689747 25.659490083427958 0.0
0.5859375 74.52580970831866 0.011917268370042972 25.46227302331131 0.0
0.595703125 74.72314994185953 0.010543833935352766 25.266306224205135 0.0
0.60546875 74.91905638280723 0.009330476313013793 25.071613140879784 0.0
0.615234375 75.11352854645813 0.008258323349197974 24.878213130192705 0.0
0.625 75.30656729592535 0.0073107537349192 24.68612195033977 0.0
0.634765625 75.49817467480932 0.006473125409365667 24.495352199781355 0.0
0.64453125 75.68835375967548 0.0057325371168042575 24.30591370320776 0.0
0.654296875 75.8771085299767 0.00507761902392561 24.117813850999426 0.0
0.6640625 76.0644437533433 0.004498348815315424 23.931057897841427 0.0
0.673828125 76.2503648844135 0.003985890131179866 23.74564922545536 0.0
0.68359375 76.43487797559673 0.0035324506016979795 23.561589573801612 0.0
0.693359375 76.61798959835548 0.0031311570735553206 23.378879244571017 0.0
0.703125 76.79970677376053 0.0027759459225537297 23.19751728031696 0.0
0.712890625 76.98003691122375 0.0024614666071209376 23.017501622169174 0.0
0.72265625 77.15898775444299 0.002182996845796728 22.83882924871126 0.0
0.732421875 77.33656733370945 0.0019363680014816032 22.661496298289105 0.0
0.7421875 77.51278392382856 0.0017178994300046638 22.485498176741473 0.0
0.751953125 77.68764600699456 0.0015243407035457981 22.31082965230194 0.0
0.76171875 77.86116224003752 0.00135282075337893 22.137484939209145 0.0
0.771484375 78.03334142553028 0.0012008030936845925 21.965457771376077 0.0
0.78125 78.20419248630333 0.0010660463909035946 21.79474146730582 0.0
0.791015625 78.37372444296932 0.0009465697330957358 21.62532898729763 0.0
0.80078125 78.54194639410588 0.0008406220326235824 21.457212983861538 0.0
0.810546875 78.7088674987865 0.0007466550645945438 21.29038584614894 0.0
0.8203125 78.8744969611862 0.0006632997040820054 21.124839739109756 0.0
0.830078125 79.03884401702042 0.000589344978271599 20.96056663800134 0.0
0.83984375 79.20191792160429 0.0005237195962712306 20.797558358799478 0.0
0.849609375 79.36372793934389 0.0004654756601956318 20.63580658499595 0.0
0.859375 79.52428333449377 0.0004137742969982621 20.475302891209264 0.0
0.869140625 79.68359336303374 0.0003678729819964417 20.316038763984306 0.0
0.87890625 79.84166726553549 0.0003271143526629354 20.15800562011188 0.0
0.888671875 79.99851426090474 0.00029091633551407963 20.001194822759782 0.0
0.8984375 80.15414354089738 0.00025876343022684424 19.845597695672435 0.0
0.908203125 80.3085642653206 0.0002301990138289208 19.69120553566561 0.0
0.91796875 80.46178555783982 0.00020481854424568138 19.538009623615977 0.0
0.927734375 80.61381650232147 0.00018226355693465332 19.386001234121636 0.0
0.9375 80.76466613965006 0.00016221636103636958 19.23517164398894 0.0
0.947265625 80.91434346496472 0.0001443953526341295 19.085512139682695 0.0
0.95703125 81.06285742526693 0.00012855087253190063 18.93701402386059 0.0
0.966796875 81.2102169173568 0.00011446154459367823 18.78966862109866 0.0
0.9765625 81.3564307860599 0.00010193103828317918 18.643467282901877 0.0
0.986328125 81.50150782271122 9.078520572611687e-05 18.498401392083114 0.0
0.99609375 81.64545676386672 8.086954949926791e-05 18.354462366583846 0.0
1.005859375 81.78828629021605 7.204698252828546e-05 18.211641662801487 0.0
1.015625 81.93000502567341 6.419584603499889e-05 18.069930778480625 0.0
1.025390625 82.0706215366258 5.720815548958923e-05 17.929321255218785 0.0
1.03515625 82.21014433132058 5.098804805922123e-05 17.789804680631427 0.0
1.044921875 82.34858185937617 4.5450408160104314e-05 17.65137269021574 0.0
1.0546875 82.48594251140145 4.05196504651809e-05 17.51401696894815 0.0
1.064453125 82.62223461871147 3.612864213917207e-05 17.377729252646446 0.0
1.07421875 82.75746645312802 3.221774820561772e-05 17.24250132912384 0.0
1.083984375 82.89164622685509 2.8733985831160714e-05 17.10832503915915 0.0
1.09375 83.02478209242065 2.563027497081474e-05 16.97519227730445 0.0
1.103515625 83.1568821426767 2.2864774280848072e-05 16.843094992549094 0.0
1.11328125 83.28795441085069 2.0400292496530392e-05 16.71202518885689 0.0
1.123046875 83.41800687064227 1.8203766610838725e-05 16.581974925591187 0.0
1.1328125 83.54704743635988 1.6245799195341512e-05 16.452936317841 0.0
1.142578125 83.67508396309218 1.4500248091750404e-05 16.324901536659805 0.0
1.15234375 83.80212424691038 1.2943862486015507e-05 16.19786280922721 0.0
1.162109375 83.92817602509733 1.1555960068635976e-05 16.07181241894268 0.0
1.171875 84.05324697640016 1.0318140595887729e-05 15.946742705459316 0.0
1.181640625 84.17734472130351 9.21403170646403e-06 15.822646064664848 0.0
1.19140625 84.30047682232058 8.229063324976551e-06 15.699514948616168 0.0
1.201171875 84.42265078429968 7.350267405268318e-06 15.577341865432983 0.0
1.2109375 84.54387405474435 6.5661001390600736e-06 15.456119379155577 0.0
1.220703125 84.66415402414492 5.866284084829232e-06 15.335840109571059 0.0
1.23046875 84.7834980263201 5.241667963065796e-06 15.216496732012002 0.0
1.240234375 84.90191333876702 4.68410212162345e-06 15.098081977130937 0.0
1.25 85.01940718301844 4.186327902720131e-06 14.980588630653733 0.0
1.259765625 85.13598672500612 3.7418793447097697e-06 14.864009533114617 0.0
1.26953125 85.25165907542905 3.344995830105932e-06 14.748337579575201 0.0
1.279296875 85.36643129012594 2.990544449188467e-06 14.633565719329681 0.0
1.2890625 85.48031037045102 2.6739509882487044e-06 14.519686955598063 0.0
1.298828125 85.59330326365237 2.3911385752299073e-06 14.406694345209125 0.0
1.30859375 85.70541686325237 2.138473125054025e-06 14.294580998274578 0.0
1.318359375 85.8166580094295 1.9127148239322318e-06 14.183340077855744 0.0
1.328125 85.92703348940115 1.7109749778828038e-06 14.072964799623934 0.0
1.337890625 86.0365500378069 1.5306776268039795e-06 13.963448431515529 0.0
1.34765625 86.14521433709196 1.3695253929010363e-06 13.85478429338271 0.0
1.357421875 86.25303301789033 1.2254690920438683e-06 13.746965756640636 0.0
1.3671875 86.3600126594076 1.0966806896157823e-06 13.639986243911771 0.0
1.376953125 86.4661597898028 9.81529229385643e-07 13.533839228668034 0.0
1.38671875 86.57148088656936 8.785594055830437e-07 13.428518234871298 0.0
1.396484375 86.67598237691482 7.864724852892727e-07 13.324016836612756 0.0
1.40625 86.77967063813915 7.041093210144205e-07 13.220328657751592 0.0
1.416015625 86.88255199801151 6.304352223897238e-07 13.117447371553332 0.0
1.42578125 86.98463273514534 5.645264816859275e-07 13.015366700328245 0.0
1.435546875 87.08591907937162 5.05558370746223e-07 12.914080415070075 0.0
1.4453125 87.18641721211024 4.527944472264494e-07 12.813582335095372 0.0
1.455078125 87.28613326673936 4.055770260580498e-07 12.713866327683688 0.0
1.46484375 87.38507332896259 3.6331868804955027e-07 12.614926307718788 0.0
1.474609375 87.48324343717422 3.2549471174921793e-07 12.516756237331125 0.0
1.484375 87.58064958282205 2.916363273079924e-07 12.419350125541685 0.0
1.494140625 87.67729771076799 2.6132470228751493e-07 12.322702027907376 0.0
1.50390625 87.77319371964643 2.3418557931233155e-07 12.22680604616806 0.0
1.513671875 87.86834346222021 2.0988449430921448e-07 12.131656327895358 0.0
1.5234375 87.96275274573425 1.8812251193504594e-07 12.037247066143303 0.0
1.533203125 88.05642733226672 1.686324217786659e-07 11.943572499100927 0.0
1.54296875 88.14937293907788 1.511753451297239e-07 11.850626909746854 0.0
1.552734375 88.24159523895642 1.3553770762599443e-07 11.758404625505953 0.0
1.5625 88.33309986056342 1.2152853799704205e-07 11.666900017908116 0.0
1.572265625 88.42389238877384 1.0897705748505308e-07 11.576107502249181 0.0
1.58203125 88.51397836501548 9.773052840383966e-08 11.486021537254068 0.0
1.591796875 88.60336328760562 8.76523337483714e-08 11.396636624742122 0.0
1.6015625 88.69205261208509 7.862026283752521e-08 11.307947309294718 0.0
1.611328125 88.78005175154996 7.052498070450818e-08 11.219948177925136 0.0
1.62109375 88.86736607698069 6.32686613802723e-08 11.132633859750726 0.0
1.630859375 88.95400091756895 5.6763767378645624e-08 11.045999025667363 0.0
1.640625 89.03996156104189 5.093195961754034e-08 10.960038388026224 0.0
1.650390625 89.12525325398408 4.570312372483068e-08 10.874746700312867 0.0
1.66015625 89.20988120215694 4.1014500203735094e-08 10.790118756828644 0.0
1.669921875 89.29385057081576 3.680990729158654e-08 10.706149392374412 0.0
1.6796875 89.37716648502446 3.303904655620691e-08 10.622833481936581 0.0
1.689453125 89.45983402996774 2.9656882352132938e-08 10.540165940375473 0.0
1.69921875 89.54185825126102 2.6623087219258933e-08 10.458141722115986 0.0
1.708984375 89.62324415525798 2.390154616203043e-08 10.376755820840565 0.0
1.71875 89.7039967093557 2.1459913509667748e-08 10.296003269184475 0.0
1.728515625 89.78412084229751 1.926921673726311e-08 10.215879138433365 0.0
1.73828125 89.86362144447348 1.730350223308994e-08 10.136378538223106 0.0
1.748046875 89.94250336821867 1.5539518537187925e-08 10.0574966162419 0.0
1.7578125 90.02077142810899 1.3956433057447206e-08 9.979228557934663 0.0
1.767578125 90.09843040125487 1.2535578698417915e-08 9.90156958620963 0.0
1.77734375 90.17548502759263 1.1260227220618548e-08 9.824514961147226 0.0
1.787109375 90.25194001017356 1.0115386489280524e-08 9.74805997971114 0.0
1.796875 90.32780001545085 9.087619075761108e-09 9.672199975461616 0.0
1.806640625 90.40306967356426 8.164879946299718e-09 9.596930318270946 0.0
1.81640625 90.47775357862257 7.336371214959556e-09 9.522246414041142 0.0
1.826171875 90.55185628898388 6.592412153670777e-09 9.448143704423781 0.0
1.8359375 90.62538232753374 5.924322845107439e-09 9.374617666542006 0.0
1.845703125 90.69833618196108 5.3243200362119916e-09 9.301663812714668 0.0
1.85546875 90.77072230503205 4.785423903775871e-09 9.229277690182595 0.0
1.865234375 90.84254511486172 4.301374580594733e-09 9.157454880836974 0.0
1.875 90.91380899518367 3.866557413125537e-09 9.086191000949839 0.0
1.884765625 90.9845182956175 3.475936030868824e-09 9.015481700906626 0.0
1.89453125 91.05467733193426 3.1249924052989334e-09 8.945322664940818 0.0
1.904296875 91.12429038631977 2.8096731633292236e-09 8.875709610870622 0.0
1.9140625 91.19336170763602 2.526341498153008e-09 8.806638289837704 0.0
1.923828125 91.2618955116804 2.2717340898462157e-09 8.738104486047936 0.0
1.93359375 91.32989598144297 2.0429225102482944e-09 8.670104016514163 0.0
1.943359375 91.39736726736183 1.8372786421502105e-09 8.602632730800952 0.0
1.953125 91.46431348757629 1.652443692423004e-09 8.535686510771331 0.0
1.962890625 91.53073872817828 1.4863004230507285e-09 8.46926127033549 0.0
1.97265625 91.59664704346169 1.3369482636528103e-09 8.403352955201433 0.0
1.982421875 91.66204245616983 1.2026810044969394e-09 8.337957542627564 0.0
1.9921875 91.72692895774091 1.0819668006642384e-09 8.273071041177197 0.0
2.001953125 91.79131050855167 9.734302463348238e-10 8.208689490474969 0.0
2.01171875 91.85519103815908 8.758363034720395e-10 8.144808960965154 0.0
2.021484375 91.91857444554016 7.880758918170612e-10 8.081425553671838 0.0
2.03125 91.98146459932994 7.091529673474576e-10 8.01853539996098 0.0
2.041015625 92.0438653380576 6.381729344581921e-10 7.956134661304301 0.0
2.05078125 92.10578047038072 5.743322533187114e-10 7.8942195290450226 0.0
2.060546875 92.16721377531775 5.169091183481179e-10 7.832786224165423 0.0
2.0703125 92.22816900247864 4.652550967131331e-10 7.771830997056193 0.0
2.080078125 92.2886498722937 4.18787627352447e-10 7.711350127287599 0.0
2.08984375 92.34866007624069 3.76983291410626e-10 7.651339923382413 0.0
2.099609375 92.4082032770701 3.3937177425411846e-10 7.591796722590615 0.0
2.109375 92.46728310902871 3.0553044755636725e-10 7.532716890665846 0.0
2.119140625 92.5259031780814 2.7507950738165276e-10 7.474096821643597 0.0
2.12890625 92.58406706213127 2.4767761086011307e-10 7.415932937621131 0.0
2.138671875 92.64177831123796 2.230179600116887e-10 7.358221688539106 0.0
2.1484375 92.69904044783435 2.0082478661805384e-10 7.300959551964906 0.0
2.158203125 92.75585696694158 1.8085019682464048e-10 7.244143032877655 0.0
2.16796875 92.81223133638231 1.628713384383921e-10 7.187768663454894 0.0
2.177734375 92.86816699699246 1.466878577234204e-10 7.1318330028609385 0.0
2.1875 92.92366736283111 1.3211961593324543e-10 7.076332637036859 0.0
2.197265625 92.97873582138897 1.190046388967675e-10 7.021264178492112 0.0
2.20703125 93.0333757337951 1.0719727573310562e-10 6.966624266097787 0.0
2.216796875 93.08759043502207 9.656654524152531e-11 6.9124095648814565 0.0
2.2265625 93.14138323408946 8.699465072691492e-11 6.8586167658236326 0.0
2.236328125 93.19475741426591 7.837564600552692e-11 6.805242585655799 0.0
2.24609375 93.24771623326944 7.061423711402395e-11 6.752283766660021 0.0
2.255859375 93.30026292346635 6.362470583877093e-11 6.6997370764701065 0.0
2.265625 93.35240069206843 5.732994261104516e-11 6.647599307874322 0.0
2.275390625 93.40413272132878 5.166057759462254e-11 6.595867278619641 0.0
2.28515625 93.45546216873602 4.65541999404586e-11 6.544537831217513 0.0
2.294921875 93.50639216720698 4.1954656212718794e-11 6.493607832751147 0.0
2.3046875 93.55692582527797 3.781141991357695e-11 6.443074174684296 0.0
2.314453125 93.60706622729448 3.4079024862054255e-11 6.3929337726715225 0.0
2.32421875 93.65681643359942 3.071655592461601e-11 6.34318356636995 0.0
2.333984375 93.70617948071992 2.7687191261146083e-11 6.2938205192524705 0.0
2.34375 93.75515838155272 2.4957790847220686e-11 6.244841618422413 0.0
2.353515625 93.80375612554795 2.249852656941367e-11 6.196243874429647 0.0
2.36328125 93.85197567889169 2.0282549671055954e-11 6.148024321088123 0.0
2.373046875 93.89981998468699 1.828569175714571e-11 6.100180015294829 0.0
2.3828125 93.94729196313345 1.6486195954075838e-11 6.052708036850161 0.0
2.392578125 93.99439451170555 1.4864475167089142e-11 6.005605488279682 0.0
2.40234375 94.04113050532942 1.3402894689993041e-11 5.958869494657278 0.0
2.412109375 94.08750279655833 1.2085576701340286e-11 5.912497203429686 0.0
2.421875 94.13351421574681 1.0898224432305251e-11 5.866485784242384 0.0
2.431640625 94.17916757122343 9.827964016809162e-12 5.820832428766843 0.0
2.44140625 94.22446564946212 8.863202236718902e-12 5.775534350529116 0.0
2.451171875 94.26941121525233 7.993498556535134e-12 5.730588784739771 0.0
2.4609375 94.31400701186776 7.2094500050229066e-12 5.685992988125131 0.0
2.470703125 94.35825576123375 6.50258760762854e-12 5.641744238759846 0.0
2.48046875 94.40216016409347 5.865283204979798e-12 5.597839835900756 0.0
2.490234375 94.44572290017275 5.2906656108151636e-12 5.554277099822049 0.0
2.5 94.48894662834361 4.7725451687070506e-12 5.5110533716517045 0.0
2.509765625 94.53183398678658 4.305345862165873e-12 5.468166013209207 0.0
2.51953125 94.57438759315168 3.884044218242821e-12 5.425612406844524 0.0
2.529296875 94.61661004471826 3.504114321580803e-12 5.3833899552783375 0.0
2.5390625 94.65850391855342 3.1614783248850027e-12 5.341496081443516 0.0
2.548828125 94.70007177166943 2.852461903795163e-12 5.299928228327825 0.0
2.55859375 94.74131614117968 2.5737541598571026e-12 5.258683858817853 0.0
2.568359375 94.78223954445362 2.3223715253537518e-12 5.217760455544166 0.0
2.578125 94.82284447927036 2.0956252687427322e-12 5.177155520727652 0.0
2.587890625 94.86313342397115 1.891092239875704e-12 5.136866576027069 0.0
2.59765625 94.90310883761062 1.7065885305087267e-12 5.096891162387783 0.0
2.607421875 94.9427731601069 1.540145758269595e-12 5.05722683989167 0.0
2.6171875 94.98212881239051 1.3899897116016779e-12 5.017871187608204 0.0
2.626953125 95.02117819655217 1.2545211195900425e-12 4.978821803446688 0.0
2.63671875 95.05992369598934 1.1322983342961724e-12 4.940076304009643 0.0
2.646484375 95.09836767555176 1.0220217345530729e-12 4.901632324447337 0.0
2.65625 95.13651248168574 9.225196793461008e-13 4.863487518313444 0.0
2.666015625 95.17436044257745 8.327358561447169e-13 4.825639557421829 0.0
2.67578125 95.21191386829491 7.51717885052567e-13 4.788086131704446 0.0
2.685546875 95.2491750509291 6.78607053583886e-13 4.75082494907034 0.0
2.6953125 95.28614626473376 6.126290694112854e-13 4.713853735265751 0.0
2.705078125 95.32282976626426 5.530857297055666e-13 4.6771702337353 0.0
2.71484375 95.35922779451535 4.993474158298485e-13 4.6407722054842635 0.0
2.724609375 95.39534257105775 4.508463312726222e-13 4.604657428941913 0.0
2.734375 95.43117630017379 4.0707040891030664e-13 4.56882369982592 0.0
2.744140625 95.46673116899193 3.6755782107197126e-13 4.5332688310078195 0.0
2.75390625 95.50200934762027 3.318920325202506e-13 4.497990652379513 0.0
2.763671875 95.537012989279 2.996973424377756e-13 4.462987010720819 0.0
2.7734375 95.5717442304318 2.7063486688481764e-13 4.428255769568048 0.0
2.783203125 95.60620519091627 2.4439891803160266e-13 4.393794809083603 0.0
2.79296875 95.6403979740733 2.2071374082211957e-13 4.359602025926596 0.0
2.802734375 95.67432466687545 1.9933057164395344e-13 4.325675333124465 0.0
2.8125 95.70798734005433 1.8002498710452207e-13 4.2920126599456 0.0
2.822265625 95.741388048227 1.6259451418746342e-13 4.258611951772952 0.0
2.83203125 95.77452883002134 1.4685647591921347e-13 4.225471169978628 0.0
2.841796875 95.80741170820052 1.326460492468562e-13 4.192588291799464 0.0
2.8515625 95.84003868978643 1.1981451414274e-13 4.159961310213565 0.0
2.861328125 95.8724117661822 1.0822767503486867e-13 4.127588233817804 0.0
2.87109375 95.90453291329374 9.776443753783213e-14 4.095467086706274 0.0
2.880859375 95.93640409165032 8.831552514785188e-14 4.063595908349695 0.0
2.890625 95.96802724652427 7.978232208609392e-14 4.031972753475744 0.0
2.900390625 95.99940430804969 7.207582984358255e-14 4.000595691950326 0.0
2.91015625 96.03053719134024 6.511572621397099e-14 3.969462808659773 0.0
2.919921875 96.06142779660608 5.882951671071036e-14 3.938572203393947 0.0
2.9296875 96.09207800926977 5.315176926505901e-14 3.907921990730265 0.0
2.939453125 96.12248970008142 4.802342400191102e-14 3.877510299918617 0.0
2.94921875 96.15266472523285 4.339117070151418e-14 3.847335274767188 0.0
2.958984375 96.18260492647089 3.920688728571459e-14 3.8173950735291613 0.0
2.96875 96.21231213120974 3.542713332543725e-14 3.7876878687903095 0.0
2.978515625 96.2417881526426 3.201269315891302e-14 3.758211847357454 0.0
2.98828125 96.27103478985225 2.892816374419339e-14 3.7289652101477992 0.0
2.998046875 96.30005382792093 2.6141582850607196e-14 3.6999461720791222 0.0
3.0078125 96.32884703803924 2.362409362727251e-14 3.6711529619608205 0.0
3.017578125 96.35741617761425 2.134964197732257e-14 3.642583822385807 0.0
3.02734375 96.38576299037682 1.929470351840261e-14 3.6142370096232455 0.0
3.037109375 96.41388920648795 1.7438037227085037e-14 3.58611079351212 0.0
3.046875 96.44179654264444 1.576046315059027e-14 3.558203457355636 0.0
3.056640625 96.46948670218364 1.4244661826702242e-14 3.530513297816438 0.0
3.06640625 96.49696137518744 1.2874993284832401e-14 3.5030386248126493 0.0
3.076171875 96.52422223858538 1.1637333710337314e-14 3.4757777614147134 0.0
3.0859375 96.55127095625706 1.0518928042703631e-14 3.448729043743044 0.0
3.095703125 96.57810917913363 9.508256948125834e-15 3.4218908208664685 0.0
3.10546875 96.60473854529864 8.594916760158661e-15 3.395261454701463 0.0
3.115234375 96.63116068008794 7.769511120185964e-15 3.3688393199121704 0.0
3.125 96.65737719618892 7.0235531739049125e-15 3.3426228038111994 0.0
3.134765625 96.68338969373893 6.349377292224259e-15 3.3166103062611905 0.0
3.14453125 96.70919976042298 5.7400593861295926e-15 3.290800239577152 0.0
3.154296875 96.73480897157057 5.189344976268679e-15 3.2651910284295558 0.0
3.1640625 96.76021889025195 4.691584260239282e-15 3.2397811097481855 0.0
3.173828125 96.7854310673734 4.2416734947060416e-15 3.2145689326267335 0.0
3.18359375 96.810447041772 3.835002076329922e-15 3.1895529582281417 0.0
3.193359375 96.83526834030945 3.4674047657823262e-15 3.164731659690677 0.0
3.203125 96.85989647796539 3.135118553483876e-15 3.1401035220347384 0.0
3.212890625 96.88433295792974 2.8347437147386473e-15 3.11566704207039 0.0
3.22265625 96.90857927169452 2.563208646154109e-15 3.091420728305614 0.0
3.232421875 96.93263689914487 2.3177381151190257e-15 3.067363100855274 0.0
3.2421875 96.95650730864935 2.0958245900831023e-15 3.0434926913507936 0.0
3.251953125 96.98019195714961 1.8952023518279233e-15 3.0198080428505296 0.0
3.26171875 97.00369229024929 1.7138241151856442e-15 2.9963077097508495 0.0
3.271484375 97.02700974230224 1.5498399170623906e-15 2.972990257697898 0.0
3.28125 97.05014573650008 1.401578050439172e-15 2.94985426350005 0.0
3.291015625 97.07310168495908 1.2675278455082166e-15 2.9268983150410457 0.0
3.30078125 97.09587898880633 1.1463241184858759e-15 2.904121011193802 0.0
3.310546875 97.11847903826525 1.0367331261309412e-15 2.8815209617348922 0.0
3.3203125 97.14090321274044 9.376398797753782e-16 2.859096787259696 0.0
3.330078125 97.16315288090193 8.48036686910779e-16 2.8368471190982043 0.0
3.33984375 97.18522940076865 7.670128012194497e-16 2.8147705992314824 0.0
3.349609375 97.20713411979135 6.937450735302829e-16 2.7928658802087836 0.0
3.359375 97.22886837493482 6.274895066393106e-16 2.771131625065306 0.0
3.369140625 97.25043349275954 5.675736263739058e-16 2.7495665072405915 0.0
3.37890625 97.27183078950257 5.133895897979208e-16 2.7281692104975557 0.0
3.388671875 97.29306157115798 4.643879591427274e-16 2.7069384288421543 0.0
3.3984375 97.31412713355647 4.200720769874158e-16 2.6858728664436686 0.0
3.408203125 97.33502876244452 3.7999298447359375e-16 2.6649712375556156 0.0
3.41796875 97.35576773356287 3.437448299924075e-16 2.64423226643727 0.0
3.427734375 97.37634531272434 3.10960720883176e-16 2.623654687275801 0.0
3.4375 97.39676275589113 2.813089752881695e-16 2.60323724410901 0.0
3.447265625 97.41702130925147 2.544897354650591e-16 2.582978690748675 0.0
3.45703125 97.43712220929565 2.302319076111625e-16 2.562877790704488 0.0
3.466796875 97.45706668289155 2.08290396641276e-16 2.542933317108585 0.0
3.4765625 97.47685594735947 1.8844360741920874e-16 2.5231440526406628 0.0
3.486328125 97.49649121054645 1.70491186704235e-16 2.5035087894536816 0.0
3.49609375 97.5159736709 1.5425198256653278e-16 2.4840263291001405 0.0
3.505859375 97.5353045175412 1.395622002764131e-16 2.4646954824589327 0.0
3.515625 97.55448493033738 1.2627373570435556e-16 2.4455150696627643 0.0
3.525390625 97.573516079974 1.1425266910382719e-16 2.426483920026142 0.0
3.53515625 97.59239912802622 1.0337790380577699e-16 2.40760087197392 0.0
3.544921875 97.61113522702973 9.35399358498919e-17 2.388864772970402 0.0
3.5546875 97.62972552055115 8.463974192880848e-17 2.370274479448995 0.0
3.564453125 97.64817114325773 7.658777424160528e-17 2.351828856742413 0.0
3.57421875 97.66647322098672 6.930305195478882e-17 2.3335267790134204 0.0
3.583984375 97.68463287081401 6.271233996412108e-17 2.315367129186117 0.0
3.59375 97.70265120112238 5.67494065493909e-17 2.2973487988777563 0.0
3.603515625 97.72052931166904 5.135435232596614e-17 2.279470688331095 0.0
3.61328125 97.73826829365287 4.647300363012585e-17 2.261731706347269 0.0
3.623046875 97.75586922978094 4.2056364137390086e-17 2.2441307702191904 0.0
3.6328125 97.77333319433467 3.8060119111220936e-17 2.226666805665466 0.0
3.642578125 97.79066125323531 3.444418721977783e-17 2.2093387467648262 0.0
3.65234375 97.80785446410907 3.11723153464812e-17 2.1921455358910666 0.0
3.662109375 97.82491387635164 2.821171226103579e-17 2.175086123648496 0.0
3.671875 97.84184053119226 2.5532717415860012e-17 2.158159468807885 0.0
3.681640625 97.85863546175723 2.310850149268756e-17 2.141364538242914 0.0
3.69140625 97.87529969313303 2.0914795649179107e-17 2.1247003068671177 0.0
3.701171875 97.89183424242883 1.892964670906926e-17 2.108165757571316 0.0
3.7109375 97.9082401188386 1.7133195804715057e-17 2.091759881161536 0.0
3.720703125 97.92451832370273 1.5507478220650155e-17 2.075481676297414 0.0
3.73046875 97.94066985056907 1.403624240336022e-17 2.0593301494310796 0.0
3.740234375 97.95669568525364 1.2704786298216416e-17 2.0433043147465138 0.0
3.75 97.97259680590076 1.1499809351355102e-17 2.027403194099378 0.0
3.759765625 97.98837418304282 1.0409278674096683e-17 2.011625816957314 0.0
3.76953125 98.00402877965944 9.422308011902167e-18 1.9959712203407056 0.0
3.779296875 98.01956155123624 8.529048290359983e-18 1.980438448763905 0.0
3.7890625 98.03497344582323 7.720588628621431e-18 1.965026554176912 0.0
3.798828125 98.05026540409263 6.988866817274195e-18 1.94973459590751 0.0
3.80859375 98.06543835939628 6.326588353955654e-18 1.9345616406038524 0.0
3.818359375 98.08049323782264 5.727153217051059e-18 1.9195067621774937 0.0
3.828125 98.09543095825326 5.184589636490315e-18 1.9045690417468666 0.0
3.837890625 98.11025243241893 4.693494191758623e-18 1.889747567581197 0.0
3.84765625 98.12495856495528 4.248977631500261e-18 1.8750414350448559 0.0
3.857421875 98.13955025345798 3.846615867180399e-18 1.8604497465421446 0.0
3.8671875 98.15402838853761 3.482405645772361e-18 1.8459716114625102 0.0
3.876953125 98.16839385387394 3.1527244538950484e-18 1.8316061461261859 0.0
3.88671875 98.18264752626986 2.8542942487233396e-18 1.8173524737302553 0.0
3.896484375 98.19679027570498 2.584148649772005e-18 1.8032097242951373 0.0
3.90625 98.21082296538863 2.3396032607078568e-18 1.789177034611485 0.0
3.916015625 98.22474645181262 2.1182288220336925e-18 1.7752535481875005 0.0
3.92578125 98.23856158480346 1.917826924134983e-18 1.761438415196658 0.0
3.935546875 98.25226920757429 1.7364080360787024e-18 1.7477307924258343 0.0
3.9453125 98.26587015677627 1.5721716289675848e-18 1.7341298432238428 0.0
3.955078125 98.27936526254975 1.4234881938213e-18 1.7206347374503683 0.0
3.96484375 98.29275534857481 1.2888829730943808e-18 1.707244651425299 0.0
3.974609375 98.30604123212166 1.167021242244327e-18 1.6939587678784527 0.0
3.984375 98.31922372410041 1.0566949934083831e-18 1.680776275899694 0.0
3.994140625 98.33230362911067 9.568108873933527e-19 1.667696370889441 0.0
4.00390625 98.34528174549055 8.6637935297343825e-19 1.654718254509555 0.0
4.013671875 98.3581588653655 7.845047240565934e-19 1.6418411346346142 0.0
4.0234375 98.37093577469655 7.103763157378178e-19 1.6290642253035663 0.0
4.033203125 98.38361325332836 6.432603497145146e-19 1.6163867466717559 0.0
4.04296875 98.3961920750368 5.824926480905099e-19 1.6038079249633275 0.0
4.052734375 98.40867300757613 5.274720223284281e-19 1.5913269924239968 0.0
4.0625 98.42105681272594 4.776542911033117e-19 1.5789431872741913 0.0
4.072265625 98.43334424633757 4.325468671345912e-19 1.5666557536625538 0.0
4.08203125 98.44553605838031 3.917038587928816e-19 1.5544639416198096 0.0
4.091796875 98.45763299298713 3.5472163745056823e-19 1.542367007012991 0.0
4.1015625 98.4696357885001 3.212348262231299e-19 1.5303642115000191 0.0
4.111328125 98.48154517751549 2.909126699790146e-19 1.518454822484639 0.0
4.12109375 98.49336188692843 2.6345575032243627e-19 1.5066381130717053 0.0
4.130859375 98.50508663797731 2.3859301271442007e-19 1.494913362022815 0.0
4.140625 98.51672014628784 2.1607907602777817e-19 1.4832798537122875 0.0
4.150390625 98.52826312191664 1.9569179766309372e-19 1.4717368780834854 0.0
4.16015625 98.53971626939465 1.772300699138277e-19 1.4602837306054761 0.0
4.169921875 98.55108028777009 1.605118255852075e-19 1.4489197122300301 0.0
4.1796875 98.56235587065116 1.4537223296699163e-19 1.4376441293489548 0.0
4.189453125 98.57354370624836 1.316620621556723e-19 1.4264562937517593 0.0
4.19921875 98.58464447741648 1.192462064362983e-19 1.4153555225836492 0.0
4.208984375 98.59565886169628 1.0800234398515608e-19 1.4043411383038487 0.0
4.21875 98.60658753135588 9.781972655767195e-20 1.393412468644246 0.0
4.228515625 98.61743115343177 8.859808309522467e-20 1.3825688465683614 0.0
4.23828125 98.6281903897695 8.024662733286697e-20 1.3718096102306345 0.0
4.248046875 98.63886589706411 7.268315952880547e-20 1.3611341029360278 0.0
4.2578125 98.64945832690019 6.583325337633175e-20 1.3505416730999453 0.0
4.267578125 98.65996832579167 5.962952000918623e-20 1.340031674208463 0.0
4.27734375 98.67039653522126 5.4010941780618205e-20 1.3296034647788677 0.0
4.287109375 98.68074359167962 4.8922269192411325e-20 1.319256408320505 0.0
4.296875 98.69101012670419 4.4313474979864626e-20 1.3089898732959293 0.0
4.306640625 98.70119676691776 4.013925992847912e-20 1.2988032330823593 0.0
4.31640625 98.7113041340667 3.6358605513617165e-20 1.2886958659334309 0.0
4.326171875 98.72133284505888 3.293436892084937e-20 1.2786671549412483 0.0
4.3359375 98.7312835120014 2.9832916426759873e-20 1.2687164879987312 0.0
4.345703125 98.74115674223788 2.7023791501876896e-20 1.2588432577622546 0.0
4.35546875 98.75095313838555 2.4479414342959518e-20 1.2490468616145793 0.0
4.365234375 98.76067329837207 2.217480985456512e-20 1.2393267016280705 0.0
4.375 98.77031781547194 2.0087361382777018e-20 1.2296821845282033 0.0
4.384765625 98.7798872783428 1.8196587760020957e-20 1.2201127216573522 0.0
4.39453125 98.78938227106129 1.6483941451604917e-20 1.2106177289388615 0.0
4.404296875 98.79880337315875 1.4932625804297076e-20 1.2011966268413963 0.0
4.4140625 98.80815115965657 1.3527429587008764e-20 1.19184884034357 0.0
4.423828125 98.8174262011013 1.2254577185369675e-20 1.1825737988988487 0.0
4.43359375 98.82662906359943 1.1101592967387685e-20 1.1733709364007263 0.0
4.443359375 98.83576030885197 1.0057178478027792e-20 1.1642396911481732 0.0
4.453125 98.8448204941888 9.111101247828436e-21 1.1551795058113512 0.0
4.462890625 98.85381017260255 8.254094115869627e-21 1.1461898273975981 0.0
4.47265625 98.86272989278247 7.477764071665319e-21 1.1372701072176747 0.0
4.482421875 98.87158019914787 6.774509714912583e-21 1.1284198008522752 0.0
4.4921875 98.88036163188134 6.1374465174334075e-21 1.1196383681187987 0.0
4.501953125 98.88907472696177 5.560339148942684e-21 1.1109252730383785 0.0
4.51171875 98.89772001619697 5.037540198238716e-21 1.1022799838031687 0.0
4.521484375 98.90629802725626 4.56393468473726e-21 1.0937019727438853 0.0
4.53125 98.91480928370254 4.1348898125875406e-21 1.085190716297599 0.0
4.541015625 98.92325430502436 3.746209471489424e-21 1.0767456949757794 0.0
4.55078125 98.93163360666755 3.3940930352915035e-21 1.0683663933325889 0.0
4.560546875 98.93994770006671 3.075098051957424e-21 1.06005229993342 0.0
4.5703125 98.94819709267645 2.7861064569652103e-21 1.0518029073236823 0.0
4.580078125 98.9563822880023 2.5242939770343128e-21 1.0436177119978276 0.0
4.58984375 98.9645037856315 2.287102422603728e-21 1.035496214368619 0.0
4.599609375 98.97256208126349 2.072214596025267e-21 1.027437918736639 0.0
4.609375 98.9805576667401 1.8775315682723476e-21 1.019442333260033 0.0
4.619140625 98.98849103007564 1.7011521003531822e-21 1.0115089699244908 0.0
4.62890625 98.99636265548666 1.541354006790157e-21 1.003637344513459 0.0
4.638671875 99.00417302342153 1.3965772776946667e-21 0.9958269765785881 0.0
4.6484375 99.0119226105897 1.2654087933189314e-21 0.988077389410407 0.0
4.658203125 99.01961188999088 1.1465684806754574e-21 0.9803881100092273 0.0
4.66796875 99.02724133094384 1.0388967760366379e-21 0.9727586690562735 0.0
4.677734375 99.03481139911507 9.413432700024957e-22 0.9651886008850379 0.0
4.6875 99.04232255654725 8.529564234813656e-22 0.9576774434528581 0.0
4.697265625 99.04977526168739 7.728742534819079e-22 0.9502247383127167 0.0
4.70703125 99.05716996941484 7.003158971697559e-22 0.942830030585259 0.0
4.716796875 99.06450713106908 6.345739712929692e-22 0.93549286893103 0.0
4.7265625 99.07178719447718 5.750076519129209e-22 0.9282128055229258 0.0
4.736328125 99.07901060398125 5.210364064688122e-22 0.9209893960188611 0.0
4.74609375 99.08617780046546 4.721343166248545e-22 0.9138221995346479 0.0
4.755859375 99.09328922138303 4.278249361627934e-22 0.9067107786170867 0.0
4.765625 99.10034530078285 3.8767663344636567e-22 0.8996546992172655 0.0
4.775390625 99.10734646933605 3.5129837275052127e-22 0.8926535306640678 0.0
4.78515625 99.11429315436223 3.1833589306391347e-22 0.8857068456378866 0.0
4.794921875 99.12118577985558 2.8846824688090333e-22 0.8788142201445424 0.0
4.8046875 99.12802476651072 2.6140466503774905e-22 0.8719752334894045 0.0
4.814453125 99.13481053174841 2.3688171685169295e-22 0.8651894682517143 0.0
4.82421875 99.14154348974103 2.1466073772295926e-22 0.8584565102591069 0.0
4.833984375 99.1482240514378 1.9452549898687036e-22 0.8517759485623325 0.0
4.84375 99.15485262458995 1.7628009718230218e-22 0.845147375410174 0.0
4.853515625 99.16142961377557 1.5974704205700548e-22 0.8385703862245595 0.0
4.86328125 99.16795542042426 1.4476552458116228e-22 0.8320445795758684 0.0
4.873046875 99.1744304428417 1.311898480071663e-22 0.8255695571584305 0.0
4.8828125 99.18085507623391 1.1888800661342699e-22 0.8191449237662148 0.0
4.892578125 99.18722971273142 1.0774039821876643e-22 0.8127702872687084 0.0
4.90234375 99.19355474141315 9.76386578659825e-23 0.806445258586982 0.0
4.912109375 99.1998305483302 8.848460126131437e-23 0.8001694516699428 0.0
4.921875 99.20605751652937 8.018926763257057e-23 0.7939424834707713 0.0
4.931640625 99.2122360260766 7.267205264315871e-23 0.7877639739235425 0.0
4.94140625 99.21836645408011 6.585992288178398e-23 0.7816335459200273 0.0
4.951171875 99.22444917471346 5.968670424684444e-23 0.7755508252866767 0.0
4.9609375 99.23048455923835 5.409243726841115e-23 0.7695154407617832 0.0
4.970703125 99.23647297602731 4.902279306625889e-23 0.763527023972821 0.0
4.98046875 99.24241479058617 4.4428544236157676e-23 0.7575852094139619 0.0
4.990234375 99.24831036557636 4.026508549438329e-23 0.7516896344237669 0.0
5.0 99.25416006083708 3.649199939744414e-23 0.7458399391630507 0.0
5.009765625 99.25996423340722 3.307266289513699e-23 0.7400357665929187 0.0
5.01953125 99.26572323754716 2.997389087457132e-23 0.7342767624529751 0.0
5.029296875 99.27143742476044 2.716561321466506e-23 0.7285625752397007 0.0
5.0390625 99.27710714381514 2.4620582198367652e-23 0.722892856184998 0.0
5.048828125 99.28273274076524 2.2314107426728496e-23 0.7172672592349048 0.0
5.05859375 99.28831455897168 2.022381564781315e-23 0.711685441028472 0.0
5.068359375 99.29385293912334 1.832943315701668e-23 0.7061470608768069 0.0
5.078125 99.29934821925787 1.661258864592203e-23 0.7006517807422786 0.0
5.087890625 99.30480073478226 1.5056634576666268e-23 0.6951992652178861 0.0
5.09765625 99.31021081849336 1.3646485339768608e-23 0.6897891815067865 0.0
5.107421875 99.31557880059816 1.2368470617316313e-23 0.6844211994019823 0.0
5.1171875 99.32090500873397 1.1210202521905372e-23 0.6790949912661676 0.0
5.126953125 99.32618976798841 1.0160455216247857e-23 0.67381023201173 0.0
5.13671875 99.33143340091924 9.209055840205536e-24 0.6685665990809091 0.0
5.146484375 99.33663622757403 8.346785682383537e-24 0.6633637724261092 0.0
5.15625 99.34179856550978 7.565290633400008e-24 0.6582014344903645 0.0
5.166015625 99.34692072981218 6.857000048517016e-24 0.6530792701879573 0.0
5.17578125 99.35200303311495 6.215053229361431e-24 0.6479969668851865 0.0
5.185546875 99.35704578561885 5.633232808785419e-24 0.6429542143812856 0.0
5.1953125 99.36204929511065 5.1059043902420174e-24 0.6379507048894899 0.0
5.205078125 99.36701386698189 4.627961854041022e-24 0.6329861330182502 0.0
5.21484375 99.37193980424755 4.194777798100835e-24 0.6280601957525934 0.0
5.224609375 99.3768274075645 3.8021586308635866e-24 0.6231725924356275 0.0
5.234375 99.38167697524995 3.446303879383308e-24 0.6183230247501912 0.0
5.244140625 99.38648880329949 3.123769316673664e-24 0.6135111967006456 0.0
5.25390625 99.39126318540532 2.8314335496143427e-24 0.6087368145948084 0.0
5.263671875 99.3960004129741 2.5664677424275282e-24 0.603999587026028 0.0
5.2734375 99.40070077514473 2.3263081812773566e-24 0.5992992248553972 0.0
5.283203125 99.40536455880601 2.108631413214434e-24 0.5946354411941059 0.0
5.29296875 99.40999204861419 1.9113317177546808e-24 0.5900079513859305 0.0
5.302734375 99.41458352701025 1.7325006920918464e-24 0.5854164729898597 0.0
5.3125 99.41913927423725 1.5704087515178304e-24 0.5808607257628553 0.0
