0.0 75.0 25.0 0.0 0.0
0.00244140625 74.551687866523 24.24724756252663 1.201064570950372 0.0
0.0048828125 74.1218011621169 23.514639944476677 2.36355889340643 0.0
0.00732421875 73.70964390202437 22.80182378379726 3.488532314178374 0.0
0.009765625 73.31454801555954 22.108437300578014 4.5770146838624495 0.0
0.01220703125 72.93587218056251 21.434111798083283 5.6300160213542085 0.0
0.0146484375 72.57300070350078 20.778473047135037 6.648526249364187 0.0
0.01708984375 72.22534244418486 20.141142560543564 7.633514995271575 0.0
0.01953125 71.89232978396859 19.521738764047885 8.585931451983528 0.0
0.02197265625 71.57341763622954 18.91987806998306 9.50670429378741 0.0
0.0244140625 71.26808249786957 18.335175859640202 10.39674164249023 0.0
0.02685546875 70.97582154053633 17.767247380030152 11.256931079433523 0.0
0.029296875 70.69615174024133 17.21570856050586 12.08813969925282 0.0
0.03173828125 70.42860904403769 16.680176754443476 12.891214201518851 0.0
0.0341796875 70.17274757241753 16.160271410929862 13.66698101665261 0.0
0.03662109375 69.92813885609536 15.655614681155946 14.416246462748703 0.0
0.0390625 69.6943711058563 15.165831963972389 15.139796930171318 0.0
0.04150390625 69.47104851416799 14.690552394827225 15.838399091004796 0.0
0.0439453125 69.2577905872781 14.229409282075208 16.51280013064671 0.0
0.04638671875 69.054231506548 13.78204049442621 17.1637279990258 0.0
0.048828125 68.86001951780399 13.34808880308549 17.79189167911053 0.0
0.05126953125 68.67481634752086 12.927202181932303 18.397981470546853 0.0
0.0537109375 68.49829664468838 12.51903406888535 18.982669286426283 0.0
0.05615234375 68.3301474472476 12.123243591414063 19.546608961338357 0.0
0.05859375 68.17006767202149 11.739495758973648 20.09043656900488 0.0
0.06103515625 68.01776762710274 11.367461624969218 20.614770747928052 0.0
0.0634765625 67.87296854569938 11.00681842068998 21.120213033610657 0.0
0.06591796875 67.73540214047719 10.65724966349833 21.6073481960245 0.0
0.068359375 67.60481017747576 10.318445241410542 22.07674458111373 0.0
0.07080078125 67.48094406871199 9.990101476065274 22.52895445522276 0.0
0.0732421875 67.36356448262185 9.671921165943342 22.964514351434826 0.0
0.07568359375 67.25244097152651 9.363613611576527 23.38394541689699 0.0
0.078125 67.14735161534433 9.06489462436469 23.787753760291004 0.0
0.08056640625 67.04808268080401 8.775486520508593 24.176430798687427 0.0
0.0830078125 66.95442829544683 8.495118101460513 24.55045360309269 0.0
0.08544921875 66.86619013573828 8.223524622195564 24.910285242066198 0.0
0.087890625 66.78317712863966 7.9604477485134035 25.256375122846972 0.0
0.09033203125 66.70520516602032 7.705635504492393 25.589159329487327 0.0
0.0927734375 66.63209683131927 7.458842211136063 25.9090609575447 0.0
0.09521484375 66.56368113789287 7.219828417174611 26.216490444932546 0.0
0.09765625 66.49979327851112 6.988360822911844 26.511845898577057 0.0
0.10009765625 66.4402743854907 6.7642121979403225 26.79551341656901 0.0
0.1025390625 66.38497130097676 6.547161293484101 27.067867405539168 0.0
0.10498046875 66.33373635690899 6.336992750069209 27.32927089302184 0.0
0.107421875 66.286427164229 6.133497001166702 27.580075834604337 0.0
0.10986328125 66.24290641090788 5.936470173401386 27.820623415690775 0.0
0.1123046875 66.20304166839227 5.745713983871127 28.051244347736638 0.0
0.11474609375 66.16670520608706 5.561035635076651 28.272259158836334 0.0
0.1171875 66.13377381351066 5.382247707919853 28.483978478569536 0.0
0.11962890625 66.10412862977681 5.2091680531896 28.686703317033636 0.0
0.1220703125 66.07765498007295 5.041619681917703 28.88072533800939 0.0
0.12451171875 66.0542422188214 4.87943065495394 29.06632712622471 0.0
0.126953125 66.03378357922452 4.722433972077665 29.24378244869786 0.0
0.12939453125 66.01617602890947 4.570467460934351 29.413356510156227 0.0
0.1318359375 66.00132013140158 4.4233736660584 29.575306202540062 0.0
0.13427734375 65.98911991316868 4.280999738218469 29.729880348612905 0.0
0.13671875 65.97948273599063 4.143197324298302 29.877319939711114 0.0
0.13916015625 65.97231917442058 4.009822457904571 30.017858367674904 0.0
0.1416015625 65.96754289811487 3.8807354508733036 30.15172165101188 0.0
0.14404296875 65.96507055881995 3.7558007858280704 30.27912865535204 0.0
0.146484375 65.9648216818139 3.6348870099261292 30.40029130826003 0.0
0.14892578125 65.96671856161042 3.5178666299130175 30.51541480847662 0.0
0.1513671875 65.97068616174167 3.4046160085916335 30.624697829666758 0.0
0.15380859375 65.97665201844534 3.2950152627985325 30.728332718756192 0.0
0.15625 65.98454614808935 3.1889481629678946 30.82650568894281 0.0
0.15869140625 65.99430095817547 3.086302034352375 30.919397007472206 0.0
0.1611328125 66.00585116177034 2.986967659959687 31.007181178270024 0.0
0.16357421875 66.0191336952197 2.890839185254299 31.090027119526056 0.0
0.166015625 66.03408763900809 2.7978140246649357 31.168098336327024 0.0
0.16845703125 66.05065414163273 2.707792769930623 31.241553088436692 0.0
0.1708984375 66.0687763463662 2.620679100310777 31.310544553323062 0.0
0.17333984375 66.0883993207885 2.5363796946782107 31.37522098453334 0.0
0.17578125 66.10946998897415 2.4548041455079126 31.43572586551798 0.0
0.17822265625 66.13193706622573 2.375864874768988 31.492198059005332 0.0
0.1806640625 66.15575099624941 2.299477051722186 31.54477195202846 0.0
0.18310546875 66.18086389067349 2.225558512620952 31.593577596705607 0.0
0.185546875 66.2072294708149 2.154029682309892 31.63874084687527 0.0
0.18798828125 66.23480301160288 2.0848134977108956 31.680383490686282 0.0
0.1904296875 66.26354128757353 2.017835333183883 31.718623379242636 0.0
0.19287109375 66.29340252085208 1.9530229277462243 31.753574551401748 0.0
0.1953125 66.32434633104386 1.8903063141322687 31.785347354823937 0.0
0.19775390625 66.3563336869583 1.8296177496721024 31.814048563369667 0.0
0.2001953125 66.38932686009356 1.770891648966621 31.839781490939874 0.0
0.20263671875 66.42328937981249 1.7140645183341985 31.862646101853375 0.0
0.205078125 66.45818599014353 1.6590748920026783 31.882739117853845 0.0
0.20751953125 66.49398260814354 1.6058632700190558 31.900154121837463 0.0
0.2099609375 66.53064628376131 1.5543720578480589 31.91498165839069 0.0
0.21240234375 66.56814516114416 1.5045455076298544 31.927309331226052 0.0
0.21484375 66.60644844133158 1.456329661066287 31.937221897602203 0.0
0.21728515625 66.64552634628288 1.4096722939043833 31.944801359812807 0.0
0.2197265625 66.68535008418765 1.3645228619853185 31.95012705382711 0.0
0.22216796875 66.7258918160101 1.320832448826633 31.95327573516334 0.0
0.224609375 66.76712462322057 1.278553714705182 31.954321662074328 0.0
0.22705078125 66.80902247666897 1.2376408472081084 31.953336676123005 0.0
0.2294921875 66.85156020655738 1.198049513219019 31.950390280223687 0.0
0.23193359375 66.89471347347026 1.159736812306531 31.94554971422329 0.0
0.234375 66.93845874042279 1.122661231482405 31.93888002809489 0.0
0.23681640625 66.98277324588919 1.0867826012966055 31.930444152814292 0.0
0.2392578125 67.02763497777471 1.0520620532368217 31.920302968988562 0.0
0.24169921875 67.07302264829615 1.0184619784002122 31.908515373303743 0.0
0.244140625 67.11891566973738 0.9859459874054356 31.89513834285729 0.0
0.24658203125 67.16529413104765 0.9544788715133576 31.8802269974391 0.0
0.2490234375 67.2121387752516 0.924026564925201 31.863834659823294 0.0
0.25146484375 67.25943097764143 0.8945561082273074 31.846012914131368 0.0
0.25390625 67.30715272472237 0.8660356129521216 31.82681166232561 0.0
0.25634765625 67.35528659388443 0.8384342272254657 31.806279178890208 0.0
0.2587890625 67.40381573377365 0.8117221024706596 31.784462163755787 0.0
0.26123046875 67.45272384533783 0.7858703611405464 31.761405793521725 0.0
0.263671875 67.50199516352217 0.760851065449002 31.737153771028925 0.0
0.26611328125 67.55161443959162 0.7366371870740396 31.711748373334437 0.0
0.2685546875 67.60156692405725 0.7132025778051673 31.68523049813768 0.0
0.27099609375 67.65183835018514 0.6905219411082074 31.65763970870675 0.0
0.2734375 67.70241491806694 0.6685708045813453 31.62901427735182 0.0
0.27587890625 67.75328327923201 0.6473254932767405 31.59939122749136 0.0
0.2783203125 67.80443052178207 0.6267631038625988 31.56880637435544 0.0
0.28076171875 67.85584415602965 0.6068614796011721 31.537294364369284 0.0
0.283203125 67.9075121006226 0.5875991861187192 31.504888713258794 0.0
0.28564453125 67.9594226691375 0.5689554879440303 31.471621842918584 0.0
0.2880859375 68.01156455712548 0.5509103257926772 31.43752511708195 0.0
0.29052734375 68.06392682959455 0.5334442945747154 31.40262887583085 0.0
0.29296875 68.11649890891302 0.5165386221041175 31.36696246898298 0.0
0.29541015625 68.16927056311951 0.5001751484887682 31.33055428839183 0.0
0.2978515625 68.22223189462518 0.48433630618039614 31.293431799194526 0.0
0.30029296875 68.27537332929454 0.4690051006643537 31.25562157004121 0.0
0.302734375 68.3286856058917 0.45416509176968833 31.21714930233871 0.0
0.30517578125 68.38215976587948 0.4398003755804694 31.178039858540163 0.0
0.3076171875 68.4357871435589 0.4258955669298501 31.138317289511367 0.0
0.31005859375 68.48955935653763 0.41243578245884915 31.09800486100364 0.0
0.3125 68.54346829651574 0.3994066242223347 31.057125079262043 0.0
0.31494140625 68.59750612037801 0.38679416382517917 31.015699715796917 0.0
0.3173828125 68.65166524158222 0.37458492707203356 30.97374983134586 0.0
0.31982421875 68.70593832183314 0.3627658791146382 30.931295799052332 0.0
0.322265625 68.7603182630327 0.35132441008104576 30.88835732688636 0.0
0.32470703125 68.81479819949662 0.34024832117158266 30.844953479331906 0.0
0.3271484375 68.86937149042853 0.32952581120681435 30.801102698364765 0.0
0.32958984375 68.92403171264283 0.3191454636132092 30.75682282374408 0.0
0.33203125 68.9787726535277 0.30909623383261764 30.712131112639806 0.0
0.33447265625 69.03358830424027 0.2993674371420905 30.667044258617757 0.0
0.3369140625 69.08847285312592 0.2899487368709645 30.621578410003227 0.0
0.33935546875 69.14342067935418 0.28083013300252957 30.575749187643407 0.0
0.341796875 69.19842634676387 0.27200195114797704 30.529571702088276 0.0
0.34423828125 69.25348459791047 0.26345483188069707 30.483060570208945 0.0
0.3466796875 69.30859034830891 0.2551797204193561 30.436229931271853 0.0
0.34912109375 69.36373868086497 0.24716785664853763 30.389093462486617 0.0
0.3515625 69.4189248404893 0.23941076546607296 30.341664394044756 0.0
0.35400390625 69.47414422888764 0.23190024744652224 30.293955523665968 0.0
0.3564453125 69.52939239952146 0.2246283698105915 30.245979230668084 0.0
0.35888671875 69.58466505273321 0.2175874576905875 30.197747489576326 0.0
0.361328125 69.63995803103087 0.2107700856823195 30.14927188328694 0.0
0.36376953125 69.6952673145261 0.20416906967415674 30.10056361579986 0.0
0.3662109375 69.75058901652136 0.1977774589442397 30.051633524534523 0.0
0.36865234375 69.8059193792405 0.19158852851712718 30.00249209224249 0.0
0.37109375 69.86125476969852 0.18559577177143408 29.95314945853017 0.0
0.37353515625 69.91659167570545 0.17979289329028217 29.903615431004386 0.0
0.3759765625 69.97192670200026 0.1741738019466444 29.853899496053216 0.0
0.37841796875 70.02725656651016 0.16873260421591443 29.80401082927405 0.0
0.380859375 70.08257809673135 0.16346359770827726 29.7539583055605 0.0
0.38330078125 70.1378882262271 0.15836126491369268 29.703750508859333 0.0
0.3857421875 70.1931839912393 0.15342026715253365 29.6533957416083 0.0
0.38818359375 70.24846252740966 0.14863543872514384 29.602902033865323 0.0
0.390625 70.30372106660711 0.14400178125379479 29.552277152139226 0.0
0.39306640625 70.35895693385764 0.13951445821073244 29.501528607931764 0.0
0.3955078125 70.41416754437343 0.1351687896262063 29.45066366600051 0.0
0.39794921875 70.46935040067785 0.1309602469705709 29.39968935235172 0.0
0.400390625 70.5245030898233 0.12688444820474049 29.348612461972106 0.0
0.40283203125 70.57962328069866 0.12293715299346271 29.297439566308032 0.0
0.4052734375 70.63470872142358 0.1191142580760567 29.24617702050052 0.0
0.40771484375 70.68975723682668 0.11541179278943398 29.19483097038405 0.0
0.41015625 70.74476672600487 0.11182591473838983 29.143407359256905 0.0
0.41259765625 70.79973515996123 0.10835290560831538 29.091911934430623 0.0
0.4150390625 70.85466057931876 0.10498916711563844 29.040350253565773 0.0
0.41748046875 70.90954109210762 0.10173121709145476 28.988727690801102 0.0
0.419921875 70.96437487162338 0.09857568569395903 28.937049442682838 0.0
0.42236328125 71.01916015435403 0.09551931174542863 28.88532053390072 0.0
0.4248046875 71.07389523797342 0.09255893918965219 28.833545822837113 0.0
0.42724609375 71.12857847939902 0.08969151366582935 28.781730006935334 0.0
0.4296875 71.18320829291194 0.08691407919509866 28.729877627893146 0.0
0.43212890625 71.23778314833706 0.08422377497597634 28.677993076687155 0.0
0.4345703125 71.2923015692814 0.08161783228511088 28.626080598433674 0.0
0.43701171875 71.3467621314289 0.0790935714798766 28.574144297091408 0.0
0.439453125 71.40116346088958 0.07664839909944345 28.522188140011163 0.0
0.44189453125 71.4555042326015 0.07427980506107132 28.47021596233762 0.0
0.4443359375 71.50978316878373 0.07198535994848386 28.418231471267983 0.0
0.44677734375 71.56399903743865 0.06976271238928071 28.366238250172263 0.0
0.44921875 71.61815065090207 0.06760958651844715 28.314239762579675 0.0
0.45166015625 71.6722368644395 0.06552377952511734 28.26223935603558 0.0
0.4541015625 71.72625657488715 0.06350315927984107 28.210240265833203 0.0
0.45654296875 71.78020871933624 0.061545662039694776 28.158245618624246 0.0
0.458984375 71.83409227385918 0.05964929022866548 28.106258435912338 0.0
0.46142578125 71.88790625227617 0.057812110290821304 28.054281637433192 0.0
0.4638671875 71.94164970496114 0.056032250613864326 28.002318044425177 0.0
0.46630859375 71.99532171768557 0.054307899520741214 27.950370382793867 0.0
0.46875 72.04892141049903 0.0526373033270638 27.898441286174084 0.0
0.47119140625 72.10244793664526 0.051018764462166424 27.846533298892748 0.0
0.4736328125 72.15590048151267 0.04945063965169849 27.794648878835808 0.0
0.47607421875 72.20927826161807 0.04793133815972059 27.74279040022239 0.0
0.478515625 72.26258052362266 0.046459320088339646 27.690960156289172 0.0
0.48095703125 72.31580654337921 0.04503309473298371 27.639160361887974 0.0
0.4833984375 72.36895562500935 0.04365121899147991 27.587393155999333 0.0
0.48583984375 72.42202710001013 0.04231229582516001 27.535660604164878 0.0
0.48828125 72.47502032638879 0.041014972770276846 27.483964700841096 0.0
0.49072265625 72.52793468782498 0.039757940498071805 27.4323073716771 0.0
0.4931640625 72.58076959285938 0.03853993142188858 27.38069047571888 0.0
0.49560546875 72.633524474108 0.03735971834978162 27.329115807542372 0.0
0.498046875 72.68619878750124 0.03621611318111921 27.27758509931779 0.0
0.50048828125 72.73879201154708 0.03510796564573075 27.226100022807337 0.0
0.5029296875 72.79130364661741 0.03403416208419605 27.174662191298545 0.0
0.50537109375 72.84373321425691 0.032993624267920824 27.123273161475314 0.0
0.5078125 72.89608025651376 0.03198530825768765 27.0719344352287 0.0
0.51025390625 72.94834433529134 0.031008203299415088 27.02064746140939 0.0
0.5126953125 73.00052503172049 0.030061330755899597 26.969413637523758 0.0
0.51513671875 73.05262194555138 0.02914374307335577 26.918234311375407 0.0
0.517578125 73.10463469456467 0.02825452278160936 26.86711078265386 0.0
0.52001953125 73.15656291400107 0.027392781526835875 26.816044304472225 0.0
0.5224609375 73.20840625600894 0.02655765913577397 26.765036084855417 0.0
0.52490234375 73.26016438910915 0.02574832271037859 26.7140872881806 0.0
0.52734375 73.31183699767686 0.02496396575191296 26.663199036571353 0.0
0.52978515625 73.36342378143951 0.024203807313511804 26.612372411247105 0.0
0.5322265625 73.41492445499057 0.023467091180280196 26.561608453829272 0.0
0.53466796875 73.4663387473186 0.022753085076023485 26.510908167605493 0.0
0.537109375 73.51766640135104 0.02206107989573368 26.460272518753342 0.0
0.53955078125 73.5689071735123 0.02139038896298668 26.409702437524828 0.0
0.5419921875 73.62006083329574 0.020740347311432754 26.359198819392944 0.0
0.54443359375 73.67112716284903 0.020110310989589715 26.3087625261615 0.0
0.546875 73.7221059565725 0.01949965638817447 26.258394387039438 0.0
0.54931640625 73.77299702073012 0.018907779589233877 26.20809519968076 0.0
0.5517578125 73.82380017307253 0.018334095736360356 26.157865731191215 0.0
0.55419921875 73.87451524247201 0.017778038425301308 26.10770671910278 0.0
0.556640625 73.92514206856879 0.017239059114294273 26.057618872317008 0.0
0.55908203125 73.97568050142837 0.016716626553481894 26.007602872018232 0.0
0.5615234375 74.02613040120968 0.016210226232782034 25.95765937255762 0.0
0.56396484375 74.07649163784349 0.01571935984760916 25.907789002309 0.0
0.56640625 74.12676409072088 0.015243544781862954 25.857992364497356 0.0
0.56884765625 74.17694764839152 0.014782313607619531 25.80827003800096 0.0
0.5712890625 74.22704220827127 0.014335213600979179 25.758622578127845 0.0
0.57373046875 74.27704767635895 0.013901806273542695 25.709050517367608 0.0
0.576171875 74.3269639669619 0.013481666919005725 25.659554366119195 0.0
0.57861328125 74.37679100243015 0.01307438417437745 25.610134613395566 0.0
0.5810546875 74.42652871289887 0.012679559595346182 25.560791727505883 0.0
0.58349609375 74.47617703603875 0.01229680724533028 25.511526156716016 0.0
0.5859375 74.5257359168143 0.011925753297767913 25.462338329888027 0.0
0.58837890625 74.57520530724956 0.01156603565121402 25.413228657099317 0.0
0.5908203125 74.62458516620116 0.011217303556826992 25.36419753024211 0.0
0.59326171875 74.67387545913839 0.010879217257841356 25.315245323603865 0.0
0.595703125 74.72307615793018 0.010551447640636098 25.266372394429276 0.0
0.59814453125 74.77218724063864 0.010233675897021049 25.21757908346442 0.0
0.6005859375 74.82120869131907 0.009925593197376239 25.16886571548363 0.0
0.60302734375 74.87014049982612 0.00962690037429113 25.12023259979966 0.0
0.60546875 74.91898266162603 0.009337307616362249 25.07168003075768 0.0
0.60791015625 74.96773517761467 0.009056534171818975 25.023208288213585 0.0
0.6103515625 75.01639805394124 0.008784308061658122 24.974817637997177 0.0
0.61279296875 75.06497130183745 0.008520365801978414 24.926508332360658 0.0
0.615234375 75.11345493745195 0.008264452135216128 24.878280610412926 0.0
0.61767578125 75.16184898168997 0.008016319769993004 24.830134698540117 0.0
0.6201171875 75.21015346005792 0.007775729129296968 24.782070810812865 0.0
0.62255859375 75.25836840251272 0.007542448106725433 24.734089149380644 0.0
0.625 75.30649384331588 0.007316251830529784 24.686189904853677 0.0
0.62744140625 75.35452982089213 0.007096922435208231 24.638373256672743 0.0
0.6298828125 75.40247637769234 0.006884248840402523 24.590639373467333 0.0
0.63232421875 75.45033356006074 0.006678026536861999 24.542988413402462 0.0
0.634765625 75.49810141810626 0.0064780573792462435 24.495420524514564 0.0
0.63720703125 75.54578000557777 0.006284149385545055 24.447935845036753 0.0
0.6396484375 75.59336937974332 0.006096116542901751 24.400534503713846 0.0
0.64208984375 75.64086960127298 0.005913778619632759 24.353216620107453 0.0
0.64453125 75.6882807341254 0.005736960983243288 24.305982304891423 0.0
0.64697265625 75.73560284543781 0.0055654944242453765 24.258831660138007 0.0
0.6494140625 75.78283600541947 0.005399214985590965 24.211764779594997 0.0
0.65185546875 75.82998028724839 0.005237963797538768 24.164781748954123 0.0
0.654296875 75.87703576697125 0.005081586917779633 24.117882646111024 0.0
0.65673828125 75.92400252340637 0.0049299351766508 24.071067541417023 0.0
0.6591796875 75.97088063804979 0.004782864027275021 24.024336497922974 0.0
0.66162109375 76.0176701949841 0.004640233400465838 23.977689571615468 0.0
0.6640625 76.06437128079021 0.004501907564245506 23.931126811645576 0.0
0.66650390625 76.11098398446177 0.0043677549878270525 23.88464826055044 0.0
0.6689453125 76.15750839732225 0.004237648209916801 23.838253954467866 0.0
0.67138671875 76.20394461294462 0.004111463711198368 23.79194392334421 0.0
0.673828125 76.25029272707346 0.003989081790863673 23.74571819113571 0.0
0.67626953125 76.29655283754946 0.0038703864470608865 23.699576776003518 0.0
0.6787109375 76.34272504423629 0.003755265261133444 23.653519690502605 0.0
0.68115234375 76.38880944894976 0.003643609285528396 23.60754694176474 0.0
0.68359375 76.43480615538905 0.0035353129352562775 23.56165853167572 0.0
0.68603515625 76.48071526907016 0.0034302738827885373 23.51585445704708 0.0
0.6884765625 76.52653689726137 0.003328392956282264 23.470134709782375 0.0
0.69091796875 76.5722711489207 0.0032295740410255205 23.42449927703829 0.0
0.693359375 76.61791813463535 0.0031337239840000695 23.37894814138068 0.0
0.69580078125 76.66347796656282 0.003040752501461624 23.33348128093574 0.0
0.6982421875 76.70895075837414 0.0029505720894409866 23.288098669536435 0.0
0.70068359375 76.7543366251986 0.002863097937072586 23.24280027686435 0.0
0.703125 76.79963568357026 0.0027782478426599433 23.197586068587103 0.0
0.70556640625 76.84484805137618 0.002695942132390531 23.15245600649146 0.0
0.7080078125 76.88997384780612 0.0026161035816153317 23.107410048612284 0.0
0.71044921875 76.93501319330393 0.0025386573386111297 23.06244814935747 0.0
0.712890625 76.97996620952031 0.0024635308507462406 23.017570259628943 0.0
0.71533203125 77.0248330192671 0.0023906537929729286 22.972776326939922 0.0
0.7177734375 77.06961374647297 0.0023199579985722623 22.928066295528467 0.0
0.72021484375 77.1143085161404 0.002251377392079543 22.883440106467532 0.0
0.72265625 77.15891745430413 0.0021848479243207746 22.83889769777155 0.0
0.72509765625 77.2034406879908 0.00212030750949288 22.794439004499704 0.0
0.7275390625 77.24787834517981 0.0020576959642225447 22.750063958855968 0.0
0.72998046875 77.29223055476542 0.0019969549485406766 22.705772490286037 0.0
0.732421875 77.33649744652007 0.0019380279087114853 22.66156452557123 0.0
0.73486328125 77.3806791510587 0.001880860021857174 22.617439988919454 0.0
0.7373046875 77.42477579980434 0.0018253981423211193 22.573398802053354 0.0
0.73974609375 77.46878752495459 0.0017715907497142646 22.529440884295703 0.0
0.7421875 77.5127144594493 0.0017193878985912313 22.48556615265212 0.0
0.74462890625 77.55655673693907 0.0016687411697043708 22.44177452189123 0.0
0.7470703125 77.60031449175489 0.0016196036227856497 22.398065904622328 0.0
0.74951171875 77.64398785887859 0.0015719297508078696 22.3544402113706 0.0
0.751953125 77.68757697391429 0.0015256754356782842 22.310897350650027 0.0
0.75439453125 77.73108197306067 0.0014807979053191827 22.267437229034005 0.0
0.7568359375 77.77450299308413 0.0014372556920914676 22.224059751223773 0.0
0.75927734375 77.81784017129276 0.00139500859251867 22.180764820114714 0.0
0.76171875 77.86109364551115 0.0013540176282702083 22.137552336860576 0.0
0.76416015625 77.9042635540559 0.0013142450083640162 22.09442220093572 0.0
0.7666015625 77.94735003571202 0.0012756540925499505 22.051374310195413 0.0
0.76904296875 77.9903532297099 0.0012382093558366207 22.008408560934246 0.0
0.771484375 78.03327327570311 0.00120187635412548 21.965524847942746 0.0
0.77392578125 78.07611031374685 0.0011666216909171784 21.922723064562213 0.0
0.7763671875 78.11886448427705 0.0011324129850562971 21.88000310273787 0.0
0.77880859375 78.16153592809016 0.001099218839481666 21.83736485307034 0.0
0.78125 78.20412478632349 0.001067008810950518 21.794808204865536 0.0
0.78369140625 78.24663120043628 0.0010357533807057488 21.752333046182994 0.0
0.7861328125 78.28905531219122 0.0010054239260565289 21.709939263882703 0.0
0.78857421875 78.33139726363665 0.0009759926928434717 21.667626743670493 0.0
0.791015625 78.37365719708924 0.0009474327687604743 21.62539537014198 0.0
0.79345703125 78.4158352551173 0.0009197180575062436 21.583245026825182 0.0
0.7958984375 78.45793158052447 0.0008928232537393761 21.54117559622178 0.0
0.79833984375 78.49994631633406 0.0008667238188116981 21.49918695984712 0.0
0.80078125 78.54187960577379 0.0008413959572553753 21.45727899826895 0.0
0.80322265625 78.58373159226102 0.0008168165940000835 21.41545159114498 0.0
0.8056640625 78.62550241938847 0.0007929633522972874 21.37370461725923 0.0
0.80810546875 78.66719223091036 0.0007698145323294028 21.332037954557297 0.0
0.810546875 78.708801170729 0.0007473490904823295 21.290451480180504 0.0
0.81298828125 78.75032938288176 0.0007255466192605206 21.248945070498973 0.0
0.8154296875 78.79177701152848 0.0007043873278244222 21.20751860114369 0.0
0.81787109375 78.8331442009393 0.0006838520231307551 21.166171947037565 0.0
0.8203125 78.87443109548282 0.00066392209165673 21.124904982425527 0.0
0.82275390625 78.91563783961463 0.0006445794816898921 21.08371758090368 0.0
0.8251953125 78.95676457786628 0.0006258066861658681 21.04260961544756 0.0
0.82763671875 78.99781145483448 0.0006075867260368525 21.001580958439494 0.0
0.830078125 79.03877861517073 0.0005899031341542167 20.960631481695124 0.0
0.83251953125 79.07966620357125 0.0005727399396491461 20.91976105648911 0.0
0.8349609375 79.1204743647672 0.0005560816527957269 20.878969553580013 0.0
0.83740234375 79.16120324351526 0.000539913250341393 20.838256843234415 0.0
0.83984375 79.20185298458844 0.0005242201612901227 20.79762279525028 0.0
0.84228515625 79.24242373276728 0.000508988253124239 20.7570672789796 0.0
0.8447265625 79.28291563283122 0.0004942038184511117 20.716590163350332 0.0
0.84716796875 79.32332882955032 0.00047985356206149715 20.676191316887625 0.0
0.849609375 79.3636634676772 0.00046592458838666523 20.63587060773442 0.0
0.85205078125 79.40391969193927 0.0004524043893418754 20.5956279036714 0.0
0.8544921875 79.44409764703119 0.0004392808325441521 20.555463072136284 0.0
0.85693359375 79.48419747760755 0.00042654214989269176 20.51537598024257 0.0
0.859375 79.52421932827586 0.0004141769265006026 20.47536649479765 0.0
0.86181640625 79.56416334358967 0.0004021740899670339 20.43543448232038 0.0
0.8642578125 79.60402966804195 0.00039052289997909675 20.395579809058095 0.0
0.86669921875 79.6438184460587 0.0003792129382333131 20.35580234100308 0.0
0.869140625 79.68352982199279 0.00036823409866665227 20.316101943908556 0.0
0.87158203125 79.7231639401179 0.00035757657798752776 20.276478483304132 0.0
0.8740234375 79.76272094462274 0.00034723086649743074 20.236931824510787 0.0
0.87646484375 79.80220097960546 0.0003371877391941691 20.197461832655378 0.0
0.87890625 79.84160418906818 0.0003274382471479659 20.158068372684706 0.0
0.88134765625 79.88093071691178 0.00031797370914194524 20.118751309379117 0.0
0.8837890625 79.92018070693078 0.0003087857035688012 20.079510507365693 0.0
0.88623046875 79.95935430280844 0.00029986606057570177 20.040345831131024 0.0
0.888671875 79.99845164811201 0.0002912068544497303 20.00125714503357 0.0
0.89111328125 80.03747288628816 0.0002828003962364085 19.962244313315644 0.0
0.8935546875 80.07641816065845 0.0002746392265840788 19.923307200115012 0.0
0.89599609375 80.11528761441511 0.0002667161088071508 19.884445669476126 0.0
0.8984375 80.15408139061688 0.0002590240221614352 19.845659585361002 0.0
0.90087890625 80.19279963218496 0.00025155615532500183 19.806948811659755 0.0
0.9033203125 80.23144248189915 0.000244305900078204 19.768313212200805 0.0
0.90576171875 80.27001008239411 0.0002372668451767093 19.729752650760748 0.0
0.908203125 80.3085025761557 0.00023043277041157148 19.69126699107392 0.0
0.91064453125 80.34692010551751 0.00022379764085056397 19.652856096841667 0.0
0.9130859375 80.38526281265749 0.00021735560125517577 19.614519831741294 0.0
0.91552734375 80.4235308395946 0.0002111009706678469 19.576258059434757 0.0
0.91796875 80.4617243281858 0.00020502823716418876 19.538070643577065 0.0
0.92041015625 80.49984342012286 0.0001991320527650999 19.499957447824407 0.0
0.9228515625 80.53788825692949 0.00019340722850384593 19.461918335842036 0.0
0.92529296875 80.57585897995851 0.0001878487296433268 19.42395317131188 0.0
0.927734375 80.61375573038907 0.00018245167103890346 19.38606181793993 0.0
0.93017578125 80.65157864922404 0.00017721131264230027 19.348244139463368 0.0
0.9326171875 80.68932787728741 0.00017212305514223945 19.310499999657488 0.0
0.93505859375 80.72700355522193 0.00016718243573759923 19.27282926234238 0.0
0.9375 80.7646058234866 0.0001623851240390182 19.2352317913894 0.0
0.93994140625 80.80213482235452 0.00015772691809499593 19.197707450727425 0.0
0.9423828125 80.83959069191057 0.00015320374053866227 19.160256104348925 0.0
0.94482421875 80.87697357204937 0.00014881163485150727 19.122877616315815 0.0
0.947265625 80.91428360247316 0.0001445467617404788 19.08557185076513 0.0
0.94970703125 80.9515209226899 0.00014040539562496673 19.04833867191451 0.0
0.9521484375 80.9886856720113 0.00013638392123030074 19.0111779440675 0.0
0.95458984375 81.02577798955106 0.0001324788302844936 18.974089531618695 0.0
0.95703125 81.06279801422303 0.00012868671831506336 18.937073299058685 0.0
0.95947265625 81.09974588473962 0.00012500428154286586 18.900129110978877 0.0
0.9619140625 81.13662173961005 0.00012142831386996481 18.86325683207612 0.0
0.96435546875 81.17342571713888 0.00011795570395865819 18.8264563271572 0.0
0.966796875 81.21015795542448 0.00011458343239886953 18.78972746114317 0.0
0.96923828125 81.24681859235753 0.00011130856896119914 18.753070099073557 0.0
0.9716796875 81.28340776561971 0.00010812826993301395 18.716484106110407 0.0
0.97412109375 81.31992561268233 0.0001050397755350358 18.679969347542198 0.0
0.9765625 81.356372270805 0.00010204040741596707 18.64352568878764 0.0
0.97900390625 81.3927478770345 9.912756622276811e-05 18.60715299539933 0.0
0.9814453125 81.42905256820353 9.629872924427517e-05 18.570851133067272 0.0
0.98388671875 81.4652864809296 9.355144812591889e-05 18.53461996762231 0.0
0.986328125 81.50144975161398 9.088334665337247e-05 18.498459365039412 0.0
0.98876953125 81.53754251644057 8.829211860302603e-05 18.462369191440875 0.0
0.9912109375 81.57356491137502 8.577552565724825e-05 18.42634931309937 0.0
0.99365234375 81.60951707216373 8.333139538245986e-05 18.390399596440936 0.0
0.99609375 81.64539913433293 8.095761926810387e-05 18.35451990804784 0.0
0.99853515625 81.68121123318787 7.865215082465702e-05 18.318710114661346 0.0
1.0009765625 81.71695350381192 7.64130037388841e-05 18.282970083184374 0.0
1.00341796875 81.75262608106587 7.423825008459175e-05 18.247299680684087 0.0
1.005859375 81.78822909958708 7.212601858719281e-05 18.211698774394375 0.0
1.00830078125 81.82376269378886 7.007449294044368e-05 18.176167231718246 0.0
1.0107421875 81.85922699785974 6.808191017376788e-05 18.140704920230146 0.0
1.01318359375 81.89462214576281 6.61465590686279e-05 18.105311707678176 0.0
1.015625 81.92994827123518 6.426677862245438e-05 18.069987461986255 0.0
1.01806640625 81.96520550778732 6.244095655868806e-05 18.034732051256174 0.0
1.0205078125 82.00039398870257 6.06675278815338e-05 17.999545343769604 0.0
1.02294921875 82.03551384703657 5.894497347406939e-05 17.964427207990006 0.0
1.025390625 82.07056521561682 5.727181873839344e-05 17.92937751256449 0.0
1.02783203125 82.10554822704219 5.564663227653704e-05 17.894396126325585 0.0
1.0302734375 82.14046301368248 5.406802461090295e-05 17.85948291829297 0.0
1.03271484375 82.17530970767801 5.253464694303426e-05 17.824637757675102 0.0
1.03515625 82.21008844093929 5.1045189949550904e-05 17.789860513870828 0.0
1.03759765625 82.24479934514657 4.959838261412819e-05 17.75515105647088 0.0
1.0400390625 82.27944255174961 4.819299109442604e-05 17.72050925525937 0.0
1.04248046875 82.31401819196726 4.6827817622911023e-05 17.68593498021518 0.0
1.044921875 82.34852639678729 4.550169944054559e-05 17.65142810151333 0.0
1.04736328125 82.38296729696604 4.4213507762350475e-05 17.616988489526257 0.0
1.0498046875 82.4173410230282 4.2962146773876466e-05 17.58261601482509 0.0
1.05224609375 82.45164770526658 4.174655265765147e-05 17.54831054818082 0.0
1.0546875 82.48588747374194 4.056569264869705e-05 17.51407196056547 0.0
1.05712890625 82.52006045828276 3.941856411823658e-05 17.47990012315318 0.0
1.0595703125 82.5541667884851 3.8304193684743893e-05 17.44579490732126 0.0
1.06201171875 82.58820659371248 3.722163635150717e-05 17.41175618465122 0.0
1.064453125 82.62218000309568 3.616997466990823e-05 17.377783826929708 0.0
1.06689453125 82.65608714553268 3.514831792764166e-05 17.34387770614945 0.0
1.0693359375 82.68992814968857 3.415580136112187e-05 17.310037694510125 0.0
1.07177734375 82.72370314399544 3.3191585391349206e-05 17.276263664419222 0.0
1.07421875 82.75741225665234 3.225485488252839e-05 17.242555488492826 0.0
1.07666015625 82.79105561562523 3.134481842275404e-05 17.2089130395564 0.0
1.0791015625 82.82463334864691 3.04607076260991e-05 17.17533619064551 0.0
1.08154296875 82.85814558321707 2.9601776455461985e-05 17.141824815006522 0.0
1.083984375 82.89159244660222 2.8767300565548027e-05 17.108378786097266 0.0
1.08642578125 82.92497406583571 2.7956576665379803e-05 17.074997977587667 0.0
1.0888671875 82.95829056771781 2.716892189974923e-05 17.041682263360343 0.0
1.09130859375 82.99154207881564 2.6403673249042258e-05 17.008431517511166 0.0
1.09375 83.0247287254633 2.5660186946884322e-05 16.97524561434981 0.0
1.09619140625 83.0578506337619 2.4937837915071348e-05 16.94212442840025 0.0
1.0986328125 83.0909079295796 2.4236019215267516e-05 16.909067834401245 0.0
1.10107421875 83.12390073855175 2.3554141516966638e-05 16.876075707306793 0.0
1.103515625 83.15682918608093 2.2891632581229306e-05 16.843147922286555 0.0
1.10595703125 83.18969339733705 2.2247936759722796e-05 16.810284354726253 0.0
1.1083984375 83.2224934972575 2.162251450860501e-05 16.777484880228055 0.0
1.11083984375 83.25522961054723 2.1014841916807682e-05 16.744749374610915 0.0
1.11328125 83.2879018616789 2.0424410248287567e-05 16.712077713910908 0.0
1.11572265625 83.32051037489303 1.9850725497827312e-05 16.679469774381534 0.0
1.1181640625 83.3530552741981 1.9293307959980518e-05 16.646925432494005 0.0
1.12060546875 83.38553668337074 1.8751691810767646e-05 16.6144445649375 0.0
1.123046875 83.41795472595594 1.822542470174139e-05 16.58202704861942 0.0
1.12548828125 83.4503095252671 1.77140673660517e-05 16.54967276066559 0.0
1.1279296875 83.48260120438634 1.72171932361517e-05 16.517381578420483 0.0
1.13037109375 83.51482988616459 1.6734388072796814e-05 16.48515337944739 0.0
1.1328125 83.54699569322186 1.626524960499963e-05 16.452988041528588 0.0
1.13525390625 83.57909874794738 1.5809387180613522e-05 16.420885442665494 0.0
1.1376953125 83.61113917249985 1.536642142722768e-05 16.388845461078787 0.0
1.14013671875 83.64311708880761 1.493598392306594e-05 16.35686797520853 0.0
1.142578125 83.67503261856893 1.451771687759101e-05 16.32495286371426 0.0
1.14501953125 83.70688588325217 1.4111272821524702e-05 16.293100005475075 0.0
1.1474609375 83.73867700409605 1.3716314306003533e-05 16.261309279589714 0.0
1.14990234375 83.77040610210987 1.3332513610597478e-05 16.229580565376587 0.0
1.15234375 83.80207329807378 1.295955245992789e-05 16.197913742373828 0.0
1.15478515625 83.833678712539 1.2597121748628546e-05 16.166308690339317 0.0
1.1572265625 83.8652224658281 1.2244921274401483e-05 16.134765289250698 0.0
1.15966796875 83.89670467803522 1.1902659478926752e-05 16.103283419305363 0.0
1.162109375 83.92812546902641 1.1570053196392508e-05 16.07186296092046 0.0
1.16455078125 83.95948495843982 1.1246827409418833e-05 16.040503794732846 0.0
1.1669921875 83.99078326568599 1.0932715012155511e-05 16.00920580159907 0.0
1.16943359375 84.02202050994819 1.0627456580340613e-05 15.977968862595304 0.0
1.171875 84.05319681018263 1.0330800148113112e-05 15.946792859017302 0.0
1.17431640625 84.08431228511877 1.0042500991378995e-05 15.91567767238032 0.0
1.1767578125 84.11536705325962 9.762321417536322e-06 15.88462318441904 0.0
1.17919921875 84.14636123288204 9.490030561370558e-06 15.853629277087474 0.0
1.181640625 84.17729494203702 9.225404186937152e-06 15.822695832558873 0.0
1.18408203125 84.20816829854998 8.968224495253799e-06 15.79182273322561 0.0
1.1865234375 84.23898142002108 8.718279937630202e-06 15.761009861699067 0.0
1.18896484375 84.26973442382554 8.475365034468267e-06 15.730257100809506 0.0
1.19140625 84.30042742711395 8.23928019937066e-06 15.699564333605935 0.0
1.19384765625 84.33106054681255 8.009831568400576e-06 15.668931443355957 0.0
1.1962890625 84.36163389962361 7.786830834340186e-06 15.638358313545634 0.0
1.19873046875 84.39214760202569 7.570095085799873e-06 15.607844827879314 0.0
1.201171875 84.42260177027397 7.359446651034733e-06 15.57739087027947 0.0
1.20361328125 84.45299652040062 7.154712946329148e-06 15.546996324886523 0.0
1.2060546875 84.48333196821508 6.9557263288143866e-06 15.516661076058668 0.0
1.20849609375 84.51360822930445 6.762323953588212e-06 15.48638500837168 0.0
1.2109375 84.54382541903372 6.574347635009422e-06 15.456168006618723 0.0
1.21337890625 84.57398365254622 6.391643712044008e-06 15.42600995581015 0.0
1.2158203125 84.60408304476387 6.214062917543319e-06 15.395910741173294 0.0
1.21826171875 84.63412371038757 6.041460251338194e-06 15.36587024815226 0.0
1.220703125 84.66410576389752 5.873694857036468e-06 15.335888362407704 0.0
1.22314453125 84.69402931955356 5.710629902414631e-06 15.305964969816612 0.0
1.2255859375 84.72389449139555 5.552132463297674e-06 15.276099956472068 0.0
1.22802734375 84.75370139324366 5.398073410824298e-06 15.246293208683023 0.0
1.23046875 84.78345013869874 5.248327301997759e-06 15.216544612974054 0.0
1.23291015625 84.8131408411427 5.1027722734255606e-06 15.186854056085128 0.0
1.2353515625 84.84277361373881 4.961289938154093e-06 15.157221424971342 0.0
1.23779296875 84.87234856943213 4.823765285507141e-06 15.127646606802676 0.0
1.240234375 84.90186582094977 4.690086583839847e-06 15.098129488963739 0.0
1.24267578125 84.9313254808013 4.560145286122384e-06 15.068669959053503 0.0
1.2451171875 84.96072766127911 4.433835938270128e-06 15.039267904885042 0.0
1.24755859375 84.99007247445874 4.311056090139583e-06 15.00992321448526 0.0
1.25 85.01936003219926 4.1917062091117414e-06 14.980635776094617 0.0
1.25244140625 85.04859044614363 4.075689596186838e-06 14.951405478166857 0.0
1.2548828125 85.07776382771905 3.962912304516779e-06 14.922232209368724 0.0
1.25732421875 85.10688028813733 3.85328306030366e-06 14.893115858579682 0.0
1.259765625 85.13593993839527 3.7467131859949303e-06 14.864056314891625 0.0
1.26220703125 85.16494288927497 3.643116525707848e-06 14.83505346760859 0.0
1.2646484375 85.19388925134425 3.542409372817809e-06 14.806107206246462 0.0
1.26708984375 85.222779134957 3.4445103996471314e-06 14.777217420532683 0.0
1.26953125 85.25161265025353 3.349340589192724e-06 14.748384000405947 0.0
1.27197265625 85.280389907161 3.2568231688328922e-06 14.719606836015904 0.0
1.2744140625 85.30911101539367 3.16688354595532e-06 14.690885817722855 0.0
1.27685546875 85.33777608445338 3.079449245449965e-06 14.662220836097442 0.0
1.279296875 85.36638522362988 2.9944498490122845e-06 14.633611781920346 0.0
1.28173828125 85.39493854200116 2.911816936203808e-06 14.605058546181972 0.0
1.2841796875 85.42343614843391 2.831484027218656e-06 14.576561020082137 0.0
1.28662109375 85.4518781515838 2.753386527306114e-06 14.548119095029753 0.0
1.2890625 85.4802646598959 2.6774616728008447e-06 14.519732662642511 0.0
1.29150390625 85.50859578160504 2.6036484787137606e-06 14.491401614746563 0.0
1.2939453125 85.5368716247362 2.5318876878379563e-06 14.463125843376197 0.0
1.29638671875 85.56509229710484 2.4621217213254534e-06 14.434905240773519 0.0
1.298828125 85.59325790631732 2.3942946306918136e-06 14.406739699388124 0.0
1.30126953125 85.62136855977126 2.3283520512069427e-06 14.378629111876771 0.0
1.3037109375 85.64942436465587 2.2642411566316423e-06 14.350573371103055 0.0
1.30615234375 85.67742542795239 2.2019106152606482e-06 14.322572370137078 0.0
1.30859375 85.70537185643441 2.141310547234065e-06 14.294626002255116 0.0
1.31103515625 85.73326375666831 2.0823924830802167e-06 14.26673416093929 0.0
1.3134765625 85.76110123501353 2.0251093234540325e-06 14.238896739877227 0.0
