0.0 74.0 25.0 0.0 1.0
0.0048828125 73.12520003809982 23.47393094815785 2.361559136533723 1.0393098772086111
0.009765625 72.32171049041372 22.030942226053376 4.569247979030033 1.078099304502879
0.0146484375 71.58415804370364 20.667911345032753 6.6316124496791105 1.1163181615845115
0.01953125 70.9075958575119 19.381623065816353 8.556855950201824 1.1539251264699437
0.0244140625 70.28746801020134 18.16881107823407 10.352833743918225 1.1908871676463748
0.029296875 69.71957686387522 17.02619306161474 12.02705109285334 1.2271789816567027
0.0341796875 69.2000531605694 15.95049991472673 13.586664529104347 1.2627823955995223
0.0390625 68.7253286575961 14.938499875368647 15.038485715642043 1.2976857513932094
0.0439453125 68.29211111120068 13.987018182046667 16.388987420709533 1.3318832860431067
0.048828125 67.89736142301606 13.092952865103202 17.644311192225743 1.3653745196549847
0.0537109375 67.53827277182735 12.253287193126809 18.81027637442854 1.398163660617299
0.05859375 67.21225156288908 11.465099243040877 19.892390158801724 1.4302590352683235
0.0634765625 66.91690003772094 10.725569009225119 20.895858405560944 1.461672547493008
0.068359375 66.65000039840162 10.031983418452853 21.82559701108036 1.492419172065172
0.0732421875 66.40950031149185 9.381739573269904 22.68624363107871 1.5225164841595373
0.078125 66.1934996675741 8.772346506541169 23.482169599591302 1.5519842262934316
0.0830078125 66.00023848281366 8.201425694028396 24.217491910154926 1.580843913003027
0.087890625 65.8280858388067 7.666710539778591 24.896085148620976 1.6091184727937313
0.0927734375 65.67552976621776 7.166045020517895 25.521593286956886 1.636831926307447
0.09765625 65.54116798629012 6.6973816498748855 26.097441264635847 1.6640090991991365
0.1025390625 65.42369943223298 6.2587789008167665 26.62684629905982 1.6906753678904192
0.107421875 65.32191647976076 5.848398204897819 27.11282887919248 1.7168564361489222
0.1123046875 65.23469782270745 5.464500629530685 27.558223407451223 1.7425781403106329
0.1171875 65.16100193569558 5.105443319252847 27.965688464149434 1.7678662809021208
0.1220703125 65.09986107134232 4.7696757736454245 28.337716676596425 1.7927464784158078
0.126953125 65.05037574447292 4.455736022959524 28.67664418153567 1.8172440510318584
0.1318359375 65.01170966032643 4.162246752425288 28.98465967509422 1.8413839121540228
0.13671875 64.98308504781733 3.887911417486119 29.26381304897171 1.8651904857248118
0.1416015625 64.96377836259896 3.6315103846577017 29.516023615343094 1.8886876374002073
0.146484375 64.95311632799654 3.3918971262164828 29.7430879259974 1.9118986197895433
0.1513671875 64.9504722848712 3.1679944913478035 29.94668719368369 1.9348460300972807
0.15625 64.95526282417573 2.958791071616142 30.128394325571875 1.9575517786362153
0.1611328125 64.96694467839421 2.763337674557433 30.289680580235142 1.9800370668131737
0.166015625 64.98501185024887 2.5807439157461083 30.431921860688824 2.002322373316166
0.1708984375 65.00899295903301 2.4101749367774667 30.556404656834886 2.024427447354611
0.17578125 65.03844878670917 2.250848254158624 30.664331651211725 2.046371307920461
0.1806640625 65.07297000751764 2.1020307420564004 30.75682700227886 2.068172248147077
0.185546875 65.11217508628985 1.9630357501532292 30.834941319612792 2.0898478439441104
0.1904296875 65.1557083319694 1.8332203564644516 30.899656345385846 2.1114149661802886
0.1953125 65.20323809402588 1.7119827538300427 30.9518893563722 2.1328897957718667
0.2001953125 65.2544550905154 1.5987597678739858 30.992497300497753 2.1542878411128363
0.205078125 65.30907085750898 1.4930245034930543 31.02228068164394 2.175623957354
0.2099609375 65.36681631048556 1.3942841163656028 31.041987206046677 2.1969123671021444
0.21484375 65.42744040908065 1.3020777055357637 31.05231520321542 2.218166682168151
0.2197265625 65.49070891730136 1.2159743228080477 31.053916833846124 2.239399926044442
0.224609375 65.55640325197261 1.1355710944634554 31.047401096725817 2.2606245568380987
0.2294921875 65.62431941277332 1.0604914506650007 31.03333664613487 2.2818524904267856
0.234375 65.69426698776246 0.9903834578444064 31.0122544307524 2.3030951236407025
0.2392578125 65.76606822878638 0.9249182493409156 30.984650164567086 2.3243633573055837
0.244140625 65.83955719160785 0.8637885495876285 30.950986639794777 2.345667619009709
0.2490234375 65.9145789360064 0.8067072872019014 30.91169589130935 2.3670178854823214
0.25390625 65.99098878147304 0.7534062924267972 30.867181221607957 2.3884237044921774
0.2587890625 66.06865161446417 0.7036350744841064 30.817819094858233 2.409894216193449
0.263671875 66.14744124349173 0.6571596745307718 30.763960908115234 2.431438173862228
0.2685546875 66.22723979861259 0.6137615900551734 30.705934647351516 2.453063963980678
0.2734375 66.30793717214274 0.5732367667039103 30.64404643551559 2.4747796256377126
0.2783203125 66.38943049766165 0.5353946536903063 30.578581979422825 2.496592869225182
0.283203125 66.4716236645933 0.5000573191002469 30.50980792188929 2.518511094417133
0.2880859375 66.55442686585303 0.46705862157697126 30.437973105143033 2.540541407426922
0.29296875 66.63775617623573 0.436243435032313 30.36330975118887 2.5626906375430485
0.2978515625 66.72153315939224 0.40746692319617395 30.28603456446195 2.5849653529495873
0.302734375 66.80568450139933 0.38059386097756487 30.2063497617818 2.607371875841262
0.3076171875 66.89014166907339 0.3554979997684383 30.12444403431157 2.629916296846561
0.3125 66.97484059131293 0.3320614739750634 30.040493445936956 2.6526044887750118
0.3173828125 67.05972136187816 0.3101742462103082 29.954662272204644 2.6754421197068425
0.322265625 67.14472796213076 0.2897335887235061 29.867103783700784 2.6984346654448994
0.3271484375 67.22980800236215 0.27064359878231836 29.77796097750559 2.7215874213498954
0.33203125 67.3149124804365 0.25281474585299035 29.687367260129545 2.7449055135809064
0.3369140625 67.39999555656497 0.23616344855154547 29.59544708511985 2.7683939097635792
0.341796875 67.48501434311088 0.22061167945875187 29.502316548321527 2.7920574291087945
0.3466796875 67.56992870840345 0.20608659600616266 29.408083943585734 2.8159007520045964
0.3515625 67.65470109360899 0.19252019574925724 29.312850281537603 2.8399284291040914
0.3564453125 67.73929634177475 0.17984899444681335 29.216709773846635 2.864144889931755
0.361328125 67.82368153822259 0.16801372546326324 29.119750285283885 2.88855445103021
0.3662109375 67.90782586152649 0.15695905910309865 29.022053755701293 2.9131613236690628
0.37109375 67.99170044436072 0.14663334057357152 28.92369659392883 2.937969621136825
0.3759765625 68.07527824355502 0.13698834535418408 28.824750045454405 2.9629833656363442
0.380859375 68.15853391873857 0.12797905082897465 28.725280535628904 2.9882064948035056
0.3857421875 68.24144371899696 0.11956342311059029 28.625349990024123 3.013642867868275
0.390625 68.32398537700585 0.11170221805380008 28.52501613346385 3.0392962714764478
0.3955078125 68.40613801014145 0.10435879552065228 28.42433276914811 3.0651704251897467
0.400390625 68.4878820281022 0.09749894602011697 28.32335003919645 3.0912689866811767
0.4052734375 68.56919904660772 0.091090728901985 28.22211466784842 3.1175955566418274
0.41015625 68.65007180676999 0.08510432133820925 28.12067018847717 3.1441536834145896
0.4150390625 68.73048409976009 0.07951187737496632 28.01905715549536 3.1709468673695453
0.419921875 68.81042069641836 0.07428739638566803 27.917313342160835 3.197978565035094
0.4248046875 68.88986728148019 0.06940660029914182 27.81547392522242 3.2252521929982034
0.4296875 68.96881039211141 0.06484681901839517 27.713571657283644 3.2527711315865173
0.4345703125 69.04723736046799 0.06058688348394546 27.611637027703626 3.2805387283444
0.439453125 69.125136260014 0.05660702587178876 27.509698412799764 3.308558301314402
0.4443359375 69.20249585534921 0.05288878644984589 27.407782216065872 3.3368331421350215
0.44921875 69.27930555531488 0.049414926648303804 27.305912999071694 3.3653665189650726
0.4541015625 69.35555536916138 0.04616934792879744 27.204113603665352 3.3941616792444202
0.458984375 69.43123586557596 0.04313701606497913 27.1024052660587 3.4232218523003195
0.4638671875 69.50633813438223 0.04030389047281858 27.00080772333681 3.4525502518080957
0.46875 69.58085375073576 0.03765685825307986 26.8993393128967 3.4821500781144192
0.4736328125 69.65477474165147 0.03518367263093979 26.798017065286565 3.5120245204309795
0.478515625 69.72809355470993 0.03287289549874477 26.696856790885352 3.542176758905918
0.4833984375 69.80080302879936 0.030713843787545703 26.595873160833055 3.5726099665799786
0.48828125 69.8728963667599 0.02869653941139293 26.495079782594715 3.6033273112339295
0.4931640625 69.9443671098055 0.0268116625454975 26.3944892705155 3.634331957133446
0.498046875 70.01520911360703 0.025050508015352566 26.294113311700283 3.665627066677283
0.5029296875 70.0854165259279 0.02340494458883136 26.19396272752898 3.6972158019542403
0.5078125 70.15498376571067 0.02186737697720691 26.094047531097985 3.729101326214088
0.5126953125 70.22390550351987 0.020430710364037652 25.994376980858693 3.7612868052573436
0.517578125 70.29217664325247 0.019088317292994164 25.894959630706005 3.7937754087484805
0.5224609375 70.35979230503325 0.017834006757022066 25.795803376752776 3.8265703114569023
0.52734375 70.42674780921794 0.016661995341798554 25.696915501010462 3.859674694429744
0.5322265625 70.49303866143188 0.015566880286295192 25.598302712181443 3.8930917461003305
0.537109375 70.55866053857672 0.014543614332454364 25.49997118375488 3.926824663335894
0.5419921875 70.62360927574238 0.013587482244565031 25.401926589585056 3.9608766524279373
0.546875 70.68788085396531 0.012694078886926407 25.304174137119286 3.9952509300284196
0.5517578125 70.751471388778 0.011859288755853912 25.20671859843132 4.029950724034766
0.556640625 70.81437711949864 0.011079266869046513 25.109564339205736 4.064979274426506
0.5615234375 70.87659439921273 0.010350420921831492 25.01271534580919 4.100339834056181
0.56640625 70.93811968540183 0.00966939462586339 24.916175250575236 4.1360356693970095
0.5712890625 70.99894953117771 0.009033052151507376 24.819947355421096 4.172070061249624
0.576171875 71.05908057708263 0.008438463600411004 24.724034653906816 4.2084463054100825
0.5810546875 71.11850954341915 0.007882891439687756 24.628439851839897 4.245167713301198
0.5859375 71.17723322307546 0.0073637778337246294 24.53316538652164 4.282237612569105
0.5908203125 71.23524847481406 0.006878732813906588 24.43821344472509 4.319659347646877
0.595703125 71.29255221699415 0.006425523230543751 24.343585979488342 4.357436280286887
0.6005859375 71.34914142169978 0.006002062435011888 24.24928472580164 4.395571790063487
0.60546875 71.40501310924758 0.005606400643591451 24.155311215261243 4.434069274847506
0.6103515625 71.4601643430499 0.005236715937731552 24.06166678975835 4.472932151253943
0.615234375 71.51459222481047 0.004891305858488981 23.96835261426679 4.512163855064174
0.6201171875 71.56829389003137 0.004568579555712936 23.875369688788965 4.5517678416238745
0.625 71.62126650381141 0.004267050455177544 23.78271885951553 4.591747586217809
0.6298828125 71.6735072569173 0.003985329409318975 23.690400829250752 4.6321065844225515
0.634765625 71.7250133621104 0.003722118299524129 23.59841616715188 4.672848352438123
0.6396484375 71.77578205071259 0.003476204060054405 23.506765317827796 4.71397642739949
0.64453125 71.82581056939635 0.003246453095681388 23.41544860983913 4.7554943676687715
0.6494140625 71.8750961771847 0.0030318060669710543 23.32446626363928 4.797405753108984
0.654296875 71.92363614264787 0.002831273018888244 23.233818398993126 4.839714185340059
0.6591796875 71.97142774128423 0.0026439288300121096 23.143505041907854 4.882423287977838
0.6640625 72.0184682530741 0.002468908961163851 23.053526131107958 4.92553670685671
0.6689453125 72.06475496019539 0.002305405483657528 22.963881524084425 4.96905811023647
0.673828125 72.11028514489115 0.0021526633686999893 22.87457100274611 5.012991188993984
0.6787109375 72.15505608747966 0.0020099770206932124 22.785594278699424 5.057339656800165
0.68359375 72.19906506449804 0.0018766870383376258 22.696950998180814 5.102107250282748
0.6884765625 72.24230934697134 0.0017521771885037178 22.608640746664793 5.147297729175302
0.693359375 72.28478619879932 0.001635871578836613 22.520663053168875 5.192914876452901
0.6982421875 72.32649287525383 0.0015272320159890973 22.433017394275296 5.23896249845481
0.703125 72.36742662158001 0.0014257555372472668 22.34570319788813 5.285444424994547
0.7080078125 72.40758467169502 0.0013309721041237373 22.258719846743144 5.33236450945764
0.712890625 72.44696424697868 0.0012424424472500643 22.172066681686648 5.379726628887352
0.7177734375 72.4855625551502 0.0011597560526063115 22.085743004738475 5.42753468405865
0.72265625 72.52337678922623 0.0010825292797849643 21.999748081953253 5.475792599540659
0.7275390625 72.56040412655534 0.0010104036036017415 21.914081146093196 5.524504323747799
0.732421875 72.5966417279244 0.0009430439709402782 21.828741399124777 5.573673828979815
0.7373046875 72.63208673673299 0.0008801372652538633 21.74372801455083 5.62330511145087
0.7421875 72.66673627823161 0.0008213908716479782 21.659040139588832 5.673402191307846
0.7470703125 72.70058745882051 0.0007665313359346836 21.574676897205507 5.723969112637994
0.751953125 72.73363736540531 0.0007153031114861654 21.490637388017102 5.775009943466046
0.7568359375 72.76588306480676 0.0006674673881220467 21.406920692064176 5.8265287757408935
0.76171875 72.7973216032213 0.0006228009976453481 21.323525870469087 5.8785297253119175
0.7666015625 72.82795000573003 0.0005810953909970235 21.240451966983894 5.931016931895031
0.771484375 72.8577652758533 0.0005421556823305087 21.157698009435823 5.983994559028502
0.7763671875 72.88676439514875 0.0005057997556172603 21.075263011077002 6.037466794018588
0.78125 72.91494432285049 0.00047185742968329833 20.99314597184475 6.0914378478750235
0.7861328125 72.94230199554747 0.0004401696778466663 20.911345879538263 6.145911955236368
0.791015625 72.96883432689897 0.0004105878985777593 20.829861710917164 6.2008933742852275
0.7958984375 72.99453820738573 0.0003829732338398375 20.748692432727033 6.256386386653342
0.80078125 73.01941050409472 0.0003571959319868435 20.6678370026567 6.31239529731653
0.8056640625 73.0434480605364 0.00033313475230091857 20.58729437023177 6.3689244344794576
0.810546875 73.06664769649274 0.000310676408443728 20.50706347764854 6.425978149450209
0.8154296875 73.08900620789484 0.0002897150482747575 20.427143260552196 6.483560816504614
0.8203125 73.110520366729 0.00027015176765698165 20.34753264876299 6.541676832740275
0.8251953125 73.13118692096992 0.00025189415602650466 20.268230566953722 6.600330617920251
0.830078125 73.15100259454017 0.00023485587164867513 20.189235935281783 6.659526614306324
0.8349609375 73.16996408729484 0.0002189562446194574 20.110547669978693 6.719269286481772
0.83984375 73.18806807503061 0.00020411990579814407 20.03216468389992 6.779563121163593
0.8447265625 73.20531120951829 0.0001902764399764098 19.954085887037593 6.840412627004066
0.849609375 73.22169011855812 0.0001773600616997928 19.87631018699852 6.90182233438158
0.8544921875 73.23720140605722 0.0001653093122614655 19.7988364894498 6.963796795180633
0.859375 73.25184165212842 0.00015406677648510222 19.721663698534133 7.026340582560889
0.8642578125 73.2656074132099 0.00014357881800422477 19.64479071725681 7.089458290715206
0.869140625 73.27849522220531 0.0001337953318300225 19.568216447846275 7.153154534616508
0.8740234375 73.29050158864352 0.0001246695130787008 19.491939792089923 7.217433949753397
0.87890625 73.30162299885791 0.000116157640803275 19.415959651646826 7.282301191854379
0.8837890625 73.31185591618453 0.00010821887594373927 19.34027492833884 7.347760936600599
0.888671875 73.32119678117895 0.0001008150724740228 19.264884524421557 7.41381787932693
0.8935546875 73.32964201185133 9.391060088439634e-05 19.189787342836382 7.480476734711321
0.8984375 73.33718800391948 8.747218319429122e-05 19.11498228744501 7.54774223645224
0.9033203125 73.34383113107965 8.146873874309957e-05 19.040468263247423 7.61561913693411
0.908203125 73.34956774529479 7.587124005568324e-05 18.966244176584514 7.684112206880565
0.9130859375 73.35439417710005 7.065257812525527e-05 18.89230893532634 7.75322623499542
0.91796875 73.35830673592532 6.578743649922584e-05 18.818661449046925 7.82296602759119
0.9228515625 73.36130171043479 6.12521735937205e-05 18.74530062918654 7.8933364082050215
0.927734375 73.3633753688831 5.70247126999685e-05 18.672225389202247 7.964342217201896
0.9326171875 73.36452395948834 5.308443918079516e-05 18.59943464470748 8.035988311364951
0.9375 73.36474371082137 4.941210438819576e-05 18.526927313601412 8.10827956347277
0.9423828125 73.36403083221181 4.598973586357068e-05 18.454702316188765 8.181220861863503
0.947265625 73.36238151417022 4.280055341080192e-05 18.38275857529066 8.254817109985645
0.9521484375 73.35979192882678 3.982889065908241e-05 18.311095016347146 8.329073225935344
0.95703125 73.35625823038613 3.706012175739328e-05 18.239710567511956 8.403994141980082
0.9619140625 73.35177655559856 3.448059286587596e-05 18.16860415973995 8.479584804068548
0.966796875 73.34634302424742 3.207755813117187e-05 18.097774726867772 8.555850171326602
0.9716796875 73.33995373965277 2.9839119853203334e-05 18.02722120568818 8.632795215539128
0.9765625 73.3326047891913 2.775417256993801e-05 17.956942536018406 8.710424920617653
0.9814453125 73.3242922448325 2.581235080450319e-05 17.88693766076304 8.78874428205357
0.986328125 73.31501216369121 2.4003980235676978e-05 17.81720552597167 8.867758306356809
0.9912109375 73.30476058859627 2.2320032068357226e-05 17.747745080891768 8.947472010479823
0.99609375 73.2935335486758 2.075208039516677e-05 17.678555278017026 9.027890421226706
1.0009765625 73.28132705995876 1.9292262353961914e-05 17.609635073131486 9.109018574647335
1.005859375 73.26813712599291 1.7933240898732036e-05 17.54098342534977 9.190861515416348
1.0107421875 73.25395973847944 1.6668170013269837e-05 17.47259929715362 9.27342429619685
1.015625 73.238790877924 1.5490662208108185e-05 17.40448165442504 9.356711976988672
1.0205078125 73.22262651430451 1.4394758151611566e-05 17.336629466476218 9.44072962446105
1.025390625 73.20546260775555 1.3374898295824899e-05 17.26904170607649 9.52548231126959
1.0302734375 73.18729510926964 1.2425896366764443e-05 17.201717349476525 9.610975115357386
1.03515625 73.16811996141529 1.1542914597325709e-05 17.13465537642991 9.697213119240123
1.0400390625 73.14793309907193 1.0721440588920629e-05 17.067854770212325 9.784201409275077
1.044921875 73.12673045018195 9.957265695376534e-06 17.00131451763844 9.87194507491384
1.0498046875 73.10450793651967 9.246464829566679e-06 16.935033609076754 9.960449207938677
1.0546875 73.08126147447754 8.585377599727502e-06 16.869011038462425 10.049718901682365
1.0595703125 73.05698697586952 7.970590688481075e-06 16.80324580330831 10.139759250231412
1.064453125 73.03168034875172 7.39892139324973e-06 16.737736904714286 10.230575347612529
1.0693359375 73.00533749826046 6.867402252049403e-06 16.67248334737497 10.322172286962243
1.07421875 72.9779543274677 6.3732666836028935e-06 16.607484139585996 10.41455515967955
1.0791015625 72.949526738254 5.913935575346372e-06 16.54273829324887 10.50772905456149
1.083984375 72.92005063219901 5.487004757233195e-06 16.47824482387459 10.60169905692157
1.0888671875 72.8895219114897 5.090233303287947e-06 16.41400275058603 10.696470247690899
1.09375 72.85793647984609 4.72153260664906e-06 16.350011096119243 10.79204770250199
1.0986328125 72.82529024346492 4.3789561773773935e-06 16.28626888682371 10.888436490755115
1.103515625 72.79157911198101 4.060690115616989e-06 16.22277515266164 10.985641674667152
1.1083984375 72.7567989994465 3.7650442157876415e-06 16.159528927206363 11.083668308302828
1.11328125 72.72094582532803 3.4904436603811573e-06 16.096529247639907 11.182521436588319
1.1181640625 72.68401551552175 3.2354212646371107e-06 16.03377515474978 11.282206094307126
1.123046875 72.64600400338644 2.998610235901965e-06 15.971265692925062 11.382727305078184
1.1279296875 72.60690723079455 2.7787374138389165e-06 15.908999910151806 11.484090080316147
1.1328125 72.56672114920131 2.574616959865523e-06 15.84697685800783 11.586299418173818
1.1376953125 72.52544172073183 2.385144466262069e-06 15.785195591656938 11.68936030246668
1.142578125 72.48306491928633 2.209291457325036e-06 15.723655169842605 11.79327770157952
1.1474609375 72.4395867316634 2.0461002567457586e-06 15.662354654881165 11.898056567355098
1.15234375 72.39500315870129 1.8946791970825024e-06 15.601293112654549 12.00370183396489
1.1572265625 72.34931021643732 1.7541981487724611e-06 15.540469612602598 12.110218416761859
1.162109375 72.30250393728528 1.6238843476056575e-06 15.47988322771498 12.217611211115308
1.1669921875 72.25458037123087 1.5030185009621488e-06 15.419533034522756 12.32588509122779
1.171875 72.20553558704505 1.3909311544035157e-06 15.3594181130896 12.435044908934112
1.1767578125 72.1553656735154 1.286999301415186e-06 15.299537547002721 12.54509549248249
1.181640625 72.10406674069534 1.1906432202231857e-06 15.239890423363496 12.656041645297861
1.1865234375 72.05163492117113 1.1013235226625182e-06 15.18047583277784 12.767888144727426
1.19140625 71.99806637134668 1.0185384010593035e-06 15.121292869346345 12.880639740768489
1.1962890625 71.94335727274601 9.418210600095649e-07 15.062340630654184 12.994301154778656
1.201171875 71.88750383333328 8.707373207982543e-07 15.003618217760824 13.108877078168483
1.2060546875 71.8305022888503 8.048833870067012e-07 14.945124735189554 13.224372171076668
1.2109375 71.77234890417142 7.438837606087802e-07 14.88685929091683 13.340791061027888
1.2158203125 71.71303997467571 6.87389298559135e-07 14.828820996361483 13.458138341573411
1.220703125 71.65257182763614 6.350754005339618e-07 14.771008966373772 13.576418570914594
1.2255859375 71.59094082362584 5.866403190991272e-07 14.713422319224323 13.695636270509425
1.23046875 71.52814335794115 5.418035841545582e-07 14.656060176592932 13.81579592366225
1.2353515625 71.46417586204123 5.003045340405084e-07 14.598921663557286 13.936901974096859
1.240234375 71.39903480500429 4.6190094619290547e-07 14.542005908581572 14.058958824513097
1.2451171875 71.33271669499992 4.2636776070381355e-07 14.485312043505013 14.18197083512721
1.25 71.26521808077757 3.934958905812155e-07 14.428839203530321 14.305942322196112
1.2548828125 71.19653555317089 3.630911129118414e-07 14.372586527212091 14.430877556525802
1.259765625 71.12666574661759 3.3497303551349963e-07 14.316553156445122 14.556780761964154
1.2646484375 71.05560534069474 3.089741340210488e-07 14.260738236452704 14.68365611387833
1.26953125 70.98335106166913 2.849388546844125e-07 14.20514091577485 14.811507737617077
1.2744140625 70.90989968406247 2.6272277846941235e-07 14.149760346256484 14.940339706958179
1.279296875 70.8352480322311 2.421918423440958e-07 14.094595683035612 15.070156042541342
1.2841796875 70.75939298195999 2.232216139060067e-07 14.039646084531451 15.20096071028684
1.2890625 70.68233146207052 2.0569661576072474e-07 13.98491071243255 15.332757619800208
1.2939453125 70.60406045604199 1.8950969630015697e-07 13.930388731684872 15.465550622763343
1.298828125 70.52457700364623 1.7456144375158852e-07 13.87607931047989 15.59934351131234
1.3037109375 70.44387820259517 1.607596405764069e-07 13.821981620242656 15.734140016402439
1.30859375 70.36196121020082 1.480187554916622e-07 13.768094835619873 15.869943806160462
1.3134765625 70.27882324504735 1.3625947056910075e-07 13.714418134467959 16.006758484225127
1.318359375 70.19446158867488 1.2540824103584874e-07 13.660950697841121 16.14458758807566
1.3232421875 70.10887358727447 1.1539688555930106e-07 13.607691709979433 16.283434587349113
1.328125 70.0220566533939 1.0616220494672114e-07 13.55464035829691 16.42330288214688
1.3330078125 69.93400826765385 9.764562732825679e-08 13.501795833369611 16.564195801330808
1.337890625 69.84472598047387 8.979287802116552e-08 13.449157328923745 16.706116600809402
1.3427734375 69.75420741380775 8.255367239361346e-08 13.39672404182379 16.849068461814678
1.34765625 69.66245026288776 7.588143015902305e-08 13.344495172060633 16.99305448917006
1.3525390625 69.5694522979772 6.973300963711604e-08 13.292469922739732 17.13807770954995
1.357421875 69.47521136613067 6.406846061601665e-08 13.240647500069297 17.284141069731465
1.3623046875 69.3797253929617 5.8850794541500774e-08 13.189027113348487 17.43124743483891
1.3671875 69.2829923844169 5.404577084512556e-08 13.137607974955646 17.579399586581577
1.3720703125 69.1850104285562 4.962169830294776e-08 13.086389300336549 17.728600221485454
1.376953125 69.0857776973385 4.554925039121098e-08 13.035370307992688 17.878851949119458
1.3818359375 68.9852924484122 4.18012936750986e-08 12.984550219469579 18.030157290316826
1.38671875 68.88355302690974 3.8352728331736376e-08 12.9339282593451 18.182518675392323
1.3916015625 68.78055786724579 3.518033996938977e-08 12.883503655217858 18.3359384423559
1.396484375 68.67630549491813 3.2262661961520895e-08 12.833275637695595 18.490418835123506
1.4013671875 68.57079452831067 2.9579847567313182e-08 12.783243440383613 18.645962001725763
1.40625 68.46402368049792 2.711355115968765e-08 12.733406299873245 18.80256999251519
1.4111328125 68.35599176105 2.484681792795465e-08 12.683763455730354 18.96024475837272
1.416015625 68.24669767783776 2.2763981465286085e-08 12.634314150483865 19.118988148914294
1.4208984375 68.13614043883678 2.0850568691358503e-08 12.585057629614337 19.27880191069822
1.42578125 68.02431915392997 1.9093211597996316e-08 12.53599314154256 19.439687685434166
1.4306640625 67.91123303670761 1.7479565340614248e-08 12.487119937618207 19.601647008194522
1.435546875 67.79688140626419 1.5998232230884333e-08 12.438437272108501 19.764681305628987
1.4404296875 67.68126368899111 1.4638691216490273e-08 12.389944402186938 19.928791894183178
1.4453125 67.56437942036452 1.3391232462225396e-08 12.341640587922031 20.09397997832214
1.4501953125 67.44622824672733 1.2246896673175068e-08 12.293525092266107 20.26024664875959
1.455078125 67.32680992706457 1.1197418825426457e-08 12.245597181044126 20.427592880693798
1.4599609375 67.2061243347712 1.0235175992786285e-08 12.197856122942556 20.596019532050974
1.46484375 67.08417145941141 9.353138979470834e-09 12.15030118949827 20.76552734173709
1.4697265625 66.96095140846855 8.544827488765246e-09 12.102931655087492 20.936116927899043
1.474609375 66.83646440908477 7.804268576327376e-09 12.055746796914779 21.107788786196092
1.4794921875 66.71071080978936 7.125958154225138e-09 12.00874589500204 21.280543288082544
1.484375 66.58369108221488 6.504825328029621e-09 11.9619282321776 21.454380679102602
1.4892578125 66.4554058228 5.936199364417849e-09 11.915293094065294 21.62930107719841
1.494140625 66.32585575447828 5.415779100842267e-09 11.868839769073613 21.805304471032233
1.4990234375 66.19504172835164 4.939604621967579e-09 11.822567548384873 21.9823907183238
1.50390625 66.06296472534765 4.504031039823469e-09 11.77647572594444 22.160559544203792
1.5087890625 65.92962585785969 4.105704226033887e-09 11.730563598449985 22.339810539584544
1.513671875 65.79502637136868 3.741538355115935e-09 11.684830465340783 22.52014315954893
1.5185546875 65.65916764604566 3.4086951277461488e-09 11.639275628787045 22.70155672175853
1.5234375 65.52205119833398 3.1045645521179712e-09 11.5938983936793 22.884050404882085
1.5283203125 65.38367868251004 2.826747170106974e-09 11.548698067617806 23.06762324704534
1.533203125 65.24405189222159 2.5730376229625426e-09 11.503673960902008 23.252274144303296
1.5380859375 65.10317276200252 2.341409458695955e-09 11.458825386520033 23.438001849135983
1.54296875 64.9610433687629 2.1300010902722367e-09 11.414151660138224 23.624804968968817
1.5478515625 64.81766593325348 1.9371028201715014e-09 11.369652100090713 23.812681964718642
1.552734375 64.67304282150324 1.7611448528970149e-09 11.325326027369039 24.001631149366517
1.5576171875 64.52717654622909 1.6006862226022307e-09 11.281172765611794 24.19165068655838
1.5625 64.38006976821654 1.4544045682156626e-09 11.23719164109432 24.38273858923468
1.5673828125 64.23172529767037 1.3210866932870782e-09 11.193381982718437 24.574892718290062
1.572265625 64.08214609553389 1.199619852285658e-09 11.149743122002219 24.768110781264227
1.5771484375 63.93133527477611 1.0889837092734253e-09 11.106274393069798 24.962390331065063
1.58203125 63.77929610164532 9.88242918776812e-10 11.062975132641217 25.15772876472517
1.5869140625 63.62603199688823 8.965402823056798e-10 11.019844680022311 25.354123322192873
1.591796875 63.47154653693342 8.130904373411069e-10 10.976882377094642 25.55157108515881
1.5966796875 63.31584345503809 7.371740387481646e-10 10.934087568305456 25.750068975919234
1.6015625 63.15892664239702 6.681323954840126e-10 10.891459600657692 25.94961375627711
1.6064453125 63.00080014921249 6.053625281800477e-10 10.84899782370002 26.150202026482084
1.611328125 62.84146818572426 5.483126156937022e-10 10.806701589516926 26.35183022421046
1.6162109375 62.68093512319845 4.964778010639785e-10 10.764570252718825 26.554494623586205
1.62109375 62.519205494874214 4.4939632947722253e-10 10.72260317043222 26.758191334244124
1.6259765625 62.35628399686718 4.0664599286743996e-10 10.680799702289901 26.96291630043623
1.630859375 62.192175489028564 3.6784085764935003e-10 10.63915921042117 27.16866530018238
1.6357421875 62.026884995758984 3.3262825382231504e-10 10.597681059442117 27.375433944466224
1.640625 61.86041770677581 3.0068600529857866e-10 10.556364616445926 27.583217676477528
1.6455078125 61.69277897783316 2.717198828085617e-10 10.51520925099322 27.79201177090186
1.650390625 61.52397433139338 2.454612621273792e-10 10.474214335102447 28.00181133325866
1.6552734375 61.35400945724925 2.216649716577875e-10 10.433379243240296 28.212611299288746
1.66015625 61.18289021309557 2.0010731460246662e-10 10.392703352312155 28.42440643439212
1.6650390625 61.010622625049564 1.8058425206943014e-10 10.352186041652612 28.637191333117194
1.669921875 60.83721288811884 1.629097344845289e-10 10.311826693015975 28.85096041870223
1.6748046875 60.662667366616134 1.4691416964015356e-10 10.271624690566853 29.06570794267006
1.6796875 60.48699259451988 1.324430165946367e-10 10.231579420870746 29.28142798447689
1.6845703125 60.31019527577977 1.1935549545743331e-10 10.191690272884701 29.498114451216136
1.689453125 60.13228228456631 1.0752340385550988e-10 10.151956637947977 29.715761077378154
1.6943359375 59.953260665463695 9.683003158077097e-11 10.11237790977277 29.934361424666665
1.69921875 59.773137633605074 8.716916557077717e-11 10.072953484434953 30.153908881872763
1.7041015625 59.591920574749416 7.844417797916487e-11 10.033682760364867 30.374396664807232
1.708984375 59.40961704529925 7.056719065151492e-11 9.994565138338144 30.595817816292
1.7138671875 59.22623477225853 6.345830984014528e-11 9.95560002146656 30.81816520621141
1.71875 59.041781653129895 5.704492547040687e-11 9.916786815188933 31.041431531624085
1.7236328125 58.856265755750655 5.126106971432484e-11 9.878124927262045 31.265609316935997
1.728515625 58.66969531806683 4.60468300374324e-11 9.83961376775161 31.490690914135477
1.7333984375 58.48207874784464 4.1347812263798723e-11 9.801252749023273 31.7166685030907
1.73828125 58.2934246223189 3.7114649554792244e-11 9.763041285733646 31.94353409191029
1.7431640625 58.103741687777685 3.3302553521127e-11 9.72497879482137 32.171279517367594
1.748046875 57.913038859082754 2.987090398714613e-11 9.687064695498224 32.3998964453891
1.7529296875 57.721325219125355 2.678287420290205e-11 9.649298409240263 32.629376371607556
1.7578125 57.52861001821683 2.4005088555067712e-11 9.611679359778988 32.859710621980135
1.7626953125 57.334902673413694 2.1507310063611142e-11 9.574206973092554 33.090890353472204
1.767578125 57.14021276777677 1.926215516892884e-11 9.536880677397017 33.32290655480691
1.7724609375 56.94455004956408 1.724483351510332e-11 9.4996999031376 33.55575004728104
1.77734375 56.7479244313572 1.543291062037059e-11 9.462664082980009 33.78941148564732
1.7822265625 56.550345989120764 1.3806091496911112e-11 9.425772651801775 34.023881359063616
1.787109375 56.35182496119502 1.234602343978587e-11 9.389025046683631 34.25914999210896
1.7919921875 56.152371747221146 1.1036116350223898e-11 9.352420706900922 34.49520754586685
1.796875 55.95199690699929 9.861379092453526e-12 9.315959073915051 34.73204401907575
1.8017578125 55.750711159279206 8.8082705067147e-12 9.279639591364953 34.969649249346986
1.806640625 55.548525380483476 7.864563814789597e-12 9.243461705058609 35.20801291445
1.8115234375 55.34545060336329 7.019223259081729e-12 9.207424862964588 35.447124533665054
1.81640625 55.141498015586876 6.262291912643987e-12 9.171528515203628 35.68697346920319
1.8212890625 54.936678958260636 5.584789686238253e-12 9.135772114040238 35.9275489276935
1.826171875 54.731004924383164 4.978620640091215e-12 9.100155113874346 36.16883996173747
1.8310546875 54.52448755723233 4.43648878303781e-12 9.064676971232974 36.41083547153022
1.8359375 54.31713864868563 3.951821610720083e-12 9.02933714476194 36.65352420654843
1.8408203125 54.10897013747419 3.518700697902696e-12 8.994135095217604 36.896894767304644
1.845703125 53.899994107370574 3.1317987182096995e-12 8.959070285458639 37.140935607167606
1.8505859375 53.690222785311 2.786322318081313e-12 8.924142180437828 37.38563503424833
1.85546875 53.4796685394522 2.4779603208651498e-12 8.889350247193908 37.63098121335136
1.8603515625 53.26834387716349 2.202836782036727e-12 8.854693954843437 37.87696216799082
1.865234375 53.05626144295459 1.957468457906635e-12 8.820172774572686 38.123565782470706
1.8701171875 52.843434016339735 1.7387262881098848e-12 8.785786179629579 38.37077980402889
1.875 52.62987450963863 1.5438005269580818e-12 8.751533645315648 38.61859184504412
1.8798828125 52.41559596571509 1.3701691906179228e-12 8.717414648978034 38.86698938530545
1.884765625 52.20061155565389 1.215569516291842e-12 8.683428670001504 39.11595977434334
1.8896484375 51.98493457637674 1.0779721563324048e-12 8.649575189800517 39.36549023382162
1.89453125 51.76857844819807 9.555578547189507e-13 8.6158536918113 39.615567859989625
1.8994140625 51.55155671232163 8.466963757454156e-13 8.582263661483971 39.8661796261935
1.904296875 51.33388302827861 7.49927475280605e-13 8.548804586274692 40.117312385445885
1.9091796875 51.11557117130848 6.639437237217596e-13 8.515475955637841 40.36895287305295
1.9140625 50.89663502968329 5.87575006912303e-13 8.482277261018226 40.62108770929783
1.9189453125 50.67708860197668 5.197745469672659e-13 8.44920799584332 40.873703402179416
1.923828125 50.45694599427858 4.596062992667589e-13 8.416267655515542 41.12678635020535
1.9287109375 50.23622141735676 4.062335949511853e-13 8.383455737404544 41.38032284523822
1.93359375 50.0149291837664 3.5890891018493135e-13 8.350771740839551 41.63429907539362
1.9384765625 49.793083704908895 3.16964654343169e-13 8.318215167101718 41.888701127988995
1.943359375 49.570699488041186 2.798048792066894e-13 8.285785519416518 42.14351499254194
1.9482421875 49.34779113323685 2.468978203029069e-13 8.253482302946168 42.39872656381665
1.953125 49.12437333030041 2.177691897814135e-13 8.221305024782072 42.65432164491722
1.9580078125 48.90046085563606 1.9199614772784284e-13 8.189253193937306 42.910285950426356
1.962890625 48.67606856907246 1.6920188566291928e-13 8.157326321339118 43.16660510958817
1.9677734375 48.45121141064484 1.4905076220194694e-13 8.125523919821472 43.42326466953346
1.97265625 48.225904397336016 1.3124393651645133e-13 8.093845504117612 43.68025009854616
1.9775390625 48.000162619777896 1.1551545039272701e-13 8.062290590852658 43.93754678936925
1.982421875 47.77400123891487 1.016287143661655e-13 8.030858698536234 44.19514006254872
1.9873046875 47.547435482630846 8.937335766626885e-14 7.999549347555108 44.453015169813874
1.9921875 47.32048064234148 7.856240557262912e-14 7.968362060165891 44.71115729749246
1.9970703125 47.09315206955325 6.902975129118696e-14 7.937296360487735 44.96955156995886
2.001953125 46.86546517239108 6.062789264421316e-14 7.906351774495076 45.228183053113696
2.0068359375 46.63743541209625 5.322590675547913e-14 7.875527830010403 45.48703675789321
2.01171875 46.409078299496244 4.670763853035547e-14 7.844824056697046 45.74609764380658
2.0166015625 46.18040939144842 4.097008110322476e-14 7.8142399860520095 46.00535062249944
2.021484375 45.951444287259186 3.5921928573678135e-14 7.783775151398813 46.26478056134188
2.0263671875 45.72219862508052 3.1482283298660253e-14 7.753429087880378 46.52437228703898
2.03125 45.49268807828572 2.7579501768468803e-14 7.723201332451932 46.78411058926224
2.0361328125 45.26292835182606 2.4150164687146028e-14 7.693091423873942 47.04398022429989
2.041015625 45.03293517857051 2.1138158317698437e-14 7.6630989027050775 47.30396591872431
2.0458984375 44.80272431563002 1.849385545378331e-14 7.6332233112952 47.564052373074674
2.05078125 44.57231154066862 1.6173385554811004e-14 7.603464193778382 47.8242242655529
2.0556640625 44.34171264820294 1.4137984642506792e-14 7.573821096065944 48.084466255731016
2.060546875 44.11094344589232 1.2353416514496904e-14 7.544293565839536 48.34476298826805
2.0654296875 43.88001975082118 1.0789457694125913e-14 7.514881152544227 48.605099096634504
2.0703125 43.648957385775816 9.419439314304993e-15 7.485583407381633 48.86545920684246
2.0751953125 43.41777217551738 8.219839834768076e-15 7.456399883303071 49.12582794117946
2.080078125 43.18647994305305 7.169923123985659e-15 7.427330135002734 49.38618992194412
2.0849609375 42.955096505907335 6.251417005800718e-15 7.398373718910898 49.646529775181676
2.08984375 42.72363767239541 5.448227882649065e-15 7.369530193187154 49.90683213441734
2.0947265625 42.49211923790048 4.746187507495236e-15 7.340799117713667 50.16708164438576
2.099609375 42.260556981157045 4.132828390337348e-15 7.312180054088454 50.42726296475441
2.1044921875 42.028966660542004 3.597184696832249e-15 7.283672565618706 50.6873607738392
2.109375 41.79736401037556 3.1296158303672303e-15 7.255276217314112 50.94735977231024
2.1142578125 41.56576473723378 2.7216501884752746e-15 7.22699057588023 51.20724468688591
2.119140625 41.334184516274746 2.365846853226798e-15 7.198815209711874 51.4670002740133
2.1240234375 41.10263898758017 2.0556732161838794e-15 7.170749688886526 51.72661132353323
2.12890625 40.871143752514364 1.7853967544357317e-15 7.142793585157777 51.98606266232778
2.1337890625 40.63971437010239 1.549989367645989e-15 7.114946471948792 52.24533915794874
2.138671875 40.40836635342928 1.3450428591936204e-15 7.087207924345802 52.50442572222484
2.1435546875 40.177115166062116 1.1666942994227063e-15 7.059577519091621 52.76330731484618
2.1484375 39.94597621849676 1.0115601475773886e-15 7.032054834579185 53.02196894692398
2.1533203125 39.714964864631064 8.766781328531736e-16 7.00463945084512 53.28039568452374
2.158203125 39.484096398266274 7.594560056479774e-16 6.977330949563336 53.53857265217031
2.1630859375 39.25338604963841 6.576263689019282e-16 6.950128914038638 53.79648503632287
2.16796875 39.02284898198124 5.692068875963694e-16 6.923032929200375 54.0541180888183
2.1728515625 38.792500288122646 4.924652531410813e-16 6.896042581596103 54.31145713028116
2.177734375 38.56235498711593 4.258883495061437e-16 6.869157459385275 54.568487553498706
2.1826171875 38.332428020907756 3.68155130443619e-16 6.842377152332958 54.8251948267592
2.1875 38.10273425104424 3.1811277279713156e-16 6.815701251803574 55.0815644971521
2.1923828125 37.873288455416855 2.747557204361767e-16 6.789129350754665 55.337582193828396
2.197265625 37.64410532504954 2.372072774250672e-16 6.76266104373068 55.5932336312197
2.2021484375 37.415199460928605 2.0470344822614469e-16 6.73629592685679 55.84850461221452
2.20703125 37.18658537087685 1.7657875756588855e-16 6.710033597832723 56.10338103129034
