0.0 75.0 25.0 0.0 0.0
0.001220703125 74.77349630183316 24.621084294655557 0.6054194035112759 0.0
0.00244140625 74.55168820187801 24.247248214343777 1.2010635837782067 0.0
0.003662109375 74.33448600059451 23.878448490117833 1.7870655092876526 0.0
0.0048828125 74.12180181846291 23.51464122640684 2.3635569551302353 0.0
0.006103515625 73.91354955774123 23.155781952749177 2.930668489509575 0.0
0.00732421875 73.70964486495687 22.80182567354036 3.4885294615027598 0.0
0.008544921875 73.51000509412613 22.452726915850807 4.037267990023053 0.0
0.009765625 73.31454927069484 22.108439775367913 4.57701095393723 0.0
0.010986328125 73.12319805619252 21.76891796051616 5.107883983291308 0.0
0.01220703125 72.9358737135922 21.434114834808025 5.630011451599767 0.0
0.013427734375 72.75250007336771 21.103983457477582 6.143516469154694 0.0
0.0146484375 72.57300250023967 20.77847662244775 6.648520877312565 0.0
0.015869140625 72.39730786060106 20.457546895681258 7.14514524371767 0.0
0.01708984375 72.22534449061324 20.14114665096434 7.633508858422412 0.0
0.018310546875 72.05704216496271 19.82922810417131 8.113729730865968 0.0
0.01953125 71.89233206626896 19.52174334605706 8.58592458767396 0.0
0.020751953125 71.7311467551333 19.218644373623682 9.050208871243003 0.0
0.02197265625 71.57342014081865 18.919883120106242 9.50669673907509 0.0
0.023193359375 71.41908745255013 18.625411483621896 9.955501063827962 0.0
0.0244140625 71.26808521142591 18.33518135452544 10.396733434048642 0.0
0.025634765625 71.12035120292818 18.049144641513376 10.830504155558442 0.0
0.02685546875 70.97582445002355 17.767253296517683 11.25692225345876 0.0
0.028076171875 70.83444518684263 17.489459338429345 11.676095474728015 0.0
0.029296875 70.69615483292809 17.215714875690818 12.088130291381084 0.0
0.030517578125 70.56089596804088 16.945972127795578 12.49313190416353 0.0
0.03173828125 70.42861230751413 16.680183445731945 12.891204246753917 0.0
0.032958984375 70.29924867814421 16.418301331407402 13.282449990448379 0.0
0.0341796875 70.17275099460878 16.160278456088687 13.666970549302526 0.0
0.035400390625 70.04906623640134 15.906067677891993 14.044866085706657 0.0
0.03662109375 69.92814242527223 15.6556220583567 14.416235516371072 0.0
0.037841796875 69.80992860316574 15.408894878135118 14.781176518699134 0.0
0.0390625 69.69437481064364 15.165839651829865 15.139785537526496 0.0
0.040283203125 69.58143206578468 14.926410142009576 15.492157792205742 0.0
0.04150390625 69.4710523435508 14.69056037243281 15.83838728401639 0.0
0.042724609375 69.36318855560987 14.458244640509125 16.178566803881 0.0
0.0439453125 69.25779453060568 14.22941752902551 16.512787940368803 0.0
0.045166015625 69.15482499486556 14.004033917165462 16.841141087968964 0.0
0.04638671875 69.05423555353637 13.782048990847283 17.163715455616337 0.0
0.047607421875 68.9559826721396 13.563418252407299 17.480599075453096 0.0
0.048828125 68.86002365853663 13.348097529652978 17.791878811810374 0.0
0.050048828125 68.7663166452952 13.136042984310153 18.097640370394622 0.0
0.05126953125 68.6748205724482 12.927211119887819 18.397968307663966 0.0
0.052490234375 68.58549517063629 12.721558788983236 18.692946040380455 0.0
0.0537109375 68.49830094462594 12.51904320004939 18.982655855324648 0.0
0.054931640625 68.41319915719433 12.319621923646144 19.267178919159512 0.0
0.05615234375 68.33015181337309 12.123252898195748 19.546595288431142 0.0
0.057373046875 68.24912164504292 11.929894435262733 19.820983919694328 0.0
0.05859375 68.17007209587095 11.739505224377556 20.09042267975147 0.0
0.059814453125 68.09296730658342 11.552044337422725 20.35498835599383 0.0
0.06103515625 68.01777210056584 11.367471232599565 20.614756666834573 0.0
0.062255859375 67.94445196978334 11.185745757993155 20.869802272223478 0.0
0.0634765625 67.87297306101395 11.006828154752387 21.120198784233644 0.0
0.064697265625 67.80330216238747 10.830679059901573 21.36601877771095 0.0
0.06591796875 67.7354066902232 10.657259508799422 21.60733380097737 0.0
0.067138671875 67.66925467615954 10.486530937260726 21.844214386579726 0.0
0.068359375 67.6048147545687 10.318455183355555 22.076730062075747 0.0
0.069580078125 67.54205615025006 10.15299448890023 22.3049493608497 0.0
0.07080078125 67.48094866639582 9.990111500653915 22.528939832950254 0.0
0.072021484375 67.42146267282237 9.82976927123413 22.748768055943486 0.0
0.0732421875 67.36356909446158 9.671931259764051 22.964499645774353 0.0
0.074462890625 67.30723940010576 9.516561332264038 23.176199267630196 0.0
0.07568359375 67.25244559140044 9.363623761799333 23.383930646800206 0.0
0.076904296875 67.19916019207943 9.213083228395515 23.587756579525042 0.0
0.078125 67.1473562374361 9.06490481873283 23.78773894383106 0.0
0.079345703125 67.09700726402589 8.919054025630167 23.983938710343928 0.0
0.08056640625 67.04808729959433 8.77549674732902 24.17641595307664 0.0
0.081787109375 67.0005708532254 8.634199286587421 24.36522986018717 0.0
0.0830078125 66.9544329057052 8.495128349593466 24.55043874470132 0.0
0.084228515625 66.90964890009583 8.358251044707703 24.73210005519646 0.0
0.08544921875 66.86619473251453 8.223534881043298 24.910270386442168 0.0
0.086669921875 66.82404674311348 8.090947766892576 25.08500548999393 0.0
0.087890625 66.78318170725544 7.960458008008212 25.25636028473634 0.0
0.089111328125 66.74357682688061 7.832034305747024 25.42438886737235 0.0
0.09033203125 66.70520972206056 7.7056457550840385 25.589144522855396 0.0
0.091552734375 66.66805842273443 7.581261842504183 25.750679734761377 0.0
0.0927734375 66.63210136062365 7.458852443778712 25.909046195597632 0.0
0.093994140625 66.59731736132058 7.338387821633155 26.064294817046267 0.0
0.09521484375 66.56368563654732 7.219838623313359 26.216475740139323 0.0
0.096435546875 66.53118577658068 7.1031758780559 26.365638345363422 0.0
0.09765625 66.49979774283935 6.988370994468925 26.511831262691736 0.0
0.098876953125 66.46950186062959 6.875395757829217 26.6551023815412 0.0
0.10009765625 66.44027881204582 6.764222327301076 26.795498860653115 0.0
0.101318359375 66.41210962902237 6.65482323308235 26.933067137895293 0.0
0.1025390625 66.38497568653304 6.547171373482767 27.067852939984196 0.0
0.103759765625 66.35885869593501 6.441240011939489 27.199901292125507 0.0
0.10498046875 66.33374069845367 6.337002773974616 27.329256527571722 0.0
0.106201171875 66.30960405880529 6.23443364409917 27.455962297095546 0.0
0.107421875 66.28643145895425 6.133506962667903 27.58006157837785 0.0
0.108642578125 66.26420589200174 6.034197422689092 27.701596685309177 0.0
0.10986328125 66.24291065620291 5.936480066593301 27.820609277203804 0.0
0.111083984375 66.22252934910958 5.840330282964934 27.937140367925508 0.0
0.1123046875 66.20304586183556 5.745723803240227 28.051230334924238 0.0
0.113525390625 66.18444437344182 5.652636698375176 28.162918928183032 0.0
0.11474609375 66.16670934543875 5.5610453754867395 28.272245279074543 0.0
0.115966796875 66.14982551640283 5.47092657447052 28.379247909126683 0.0
0.1171875 66.13377789670515 5.382257364597972 28.483964738696898 0.0
0.118408203125 66.11855176334923 5.2950151410960515 28.586433095554735 0.0
0.11962890625 66.10413265491553 5.209177621712103 28.68668972337239 0.0
0.120849609375 66.09050636661043 5.124722843266631 28.78477079012296 0.0
0.1220703125 66.07765894541721 5.041629158196506 28.88071189638629 0.0
0.123291015625 66.06557668534674 4.959875231091004 28.974548083562265 0.0
0.12451171875 66.05424612278556 4.879440035223006 29.06631384199145 0.0
0.125732421875 66.0436540319393 4.8003028490775295 29.15604311898319 0.0
0.126953125 66.03378742036922 4.72244325287971 29.243769326751085 0.0
0.128173828125 66.02463352461977 4.645841125124188 29.329525350256056 0.0
0.12939453125 66.01617980593512 4.570476639107818 29.413343554957073 0.0
0.130615234375 66.00841394606275 4.496330259467481 29.495255794469788 0.0
0.1318359375 66.00132384314203 4.423382738724707 29.57529341813327 0.0
0.133056640625 65.99489760767612 4.3516151138387364 29.653487278485144 0.0
0.13427734375 65.98912355858502 4.281008702769538 29.72986773864544 0.0
0.135498046875 65.98399021933825 4.211545101052245 29.804464679609495 0.0
0.13671875 65.97948631416529 4.143206178384392 29.87730750745031 0.0
0.137939453125 65.97560076434199 4.075974075227239 29.94842516043076 0.0
0.13916015625 65.97232268455146 4.009831199422422 30.017846116026103 0.0
0.140380859375 65.96964137931761 3.9447602228250838 30.085598397857297 0.0
0.1416015625 65.96754633950982 3.8807440779545894 30.151709582535577 0.0
0.142822265625 65.96602723891729 3.8177659546638427 30.21620680641886 0.0
0.14404296875 65.9650739308913 3.7558092968281813 30.27911677228052 0.0
0.145263671875 65.96467644505415 3.69485779905476 30.34046575589109 0.0
0.146484375 65.96482498407322 3.6348954034132737 30.400279612513504 0.0
0.147705078125 65.96550992049866 3.575906296188821 30.458583783312513 0.0
0.14892578125 65.9667217936635 3.517874904657655 30.515403301678845 0.0
0.150146484375 65.96845130664464 3.460785893886523 30.57076279946884 0.0
0.1513671875 65.97068932328361 3.404624163556238 30.62468651316016 0.0
0.152587890625 65.97342686526564 3.349374844810094 30.67719828992428 0.0
0.15380859375 65.97665510925584 3.2950232971276807 30.728321593616485 0.0
0.155029296875 65.98036538409139 3.2415551052246183 30.77807951068401 0.0
0.15625 65.98454916802821 3.1889560759786866 30.82649475599311 0.0
0.157470703125 65.98919808604145 3.137212235382793 30.87358967857575 0.0
0.15869140625 65.99430390717816 3.086309825525178 30.919386267296662 0.0
0.159912109375 65.99985854196126 3.036235301597224 30.963906156441517 0.0
0.1611328125 66.00585403984383 2.986975328929206 31.00717063122697 0.0
0.162353515625 66.01228258671239 2.938516780054276 31.04920063323333 0.0
0.16357421875 66.01913650243839 2.890846731800963 31.090016765760648 0.0
0.164794921875 66.02640823847663 2.8439524624144146 31.129639299108952 0.0
0.166015625 66.03409037550995 2.797821448706602 31.168088175783453 0.0
0.167236328125 66.04217562113885 2.75244136323567 31.205383015625475 0.0
0.16845703125 66.0506568076155 2.707800071514591 31.241543120869906 0.0
0.169677734375 66.05952688962078 2.663885629249254 31.27658748112996 0.0
0.1708984375 66.06877894208385 2.6206862796061086 31.31053477831003 0.0
0.172119140625 66.07840615804311 2.578190450509439 31.343403391447442 0.0
0.17333984375 66.08840184654775 2.536386751968348 31.37521140148389 0.0
0.174560546875 66.09875943059916 2.4952639734334916 31.40597659596734 0.0
0.17578125 66.10947244513119 2.45481108118359 31.435716473685208 0.0
0.177001953125 66.12053453502863 2.4150172157417273 31.46444824922963 0.0
0.17822265625 66.131939453183 2.3758716893214324 31.49218885749555 0.0
0.179443359375 66.14368105858497 2.3373639833025117 31.518954958112495 0.0
0.1806640625 66.15575331445261 2.2994837457365964 31.544762939810774 0.0
0.181884765625 66.16815028639472 2.262220788882348 31.569628924722906 0.0
0.18310546875 66.18086614060864 2.2255650867702506 31.593568772621076 0.0
0.184326171875 66.19389514211169 2.189506772796907 31.616598085091383 0.0
0.185546875 66.20723165300556 2.154036137348744 31.638732209645664 0.0
0.186767578125 66.22087013077326 2.1191436254550156 31.659986243771687 0.0
0.18798828125 66.23480512660751 2.0848198344699873 31.680375038922474 0.0
0.189208984375 66.2490312837703 2.051055511784168 31.699913204445505 0.0
0.1904296875 66.26354333598289 2.0178415525644517 31.71861511145262 0.0
0.191650390625 66.27833610584561 1.985168997523019 31.736494896631328 0.0
0.19287109375 66.29340450328682 1.9530290307148332 31.753566465998304 0.0
0.194091796875 66.30874352404055 1.9214129773635733 31.769843498595836 0.0
0.1953125 66.3243482481522 1.8903123017158177 31.78533945013194 0.0
0.196533203125 66.34021383851174 1.859718604923304 31.800067556564915 0.0
0.19775390625 66.35633553941383 1.8296236229530698 31.814040837633062 0.0
0.198974609375 66.3727086751444 1.800019224525278 31.827272100330287 0.0
0.2001953125 66.3893286485931 1.7708974090785272 31.83977394232834 0.0
0.201416015625 66.40619093989113 1.7422503047624354 31.85155875534639 0.0
0.20263671875 66.42329110507403 1.7140701664572846 31.86263872846865 0.0
0.203857421875 66.44062477476866 1.6863493738205078 31.873025851410787 0.0
0.205078125 66.4581876529044 1.6590804293597945 31.88273191773577 0.0
0.206298828125 66.47597551544746 1.632255956532589 31.89176852801991 0.0
0.20751953125 66.49398420915848 1.6058686978717482 31.90014709296973 0.0
0.208740234375 66.51220965037245 1.5799115131371273 31.90787883649038 0.0
0.2099609375 66.53064782380083 1.5543773774928515 31.914974798706282 0.0
0.211181640625 66.5492947813553 1.5292593797100376 31.92144583893463 0.0
0.21240234375 66.5681466409928 1.5045507203947182 31.927302638612453 0.0
0.213623046875 66.58719958558135 1.4802447102407257 31.93255570417789 0.0
0.21484375 66.60644986178636 1.4563347683072878 31.93721536990631 0.0
0.216064453125 66.62589377897694 1.4328144203210822 31.94129180070193 0.0
0.21728515625 66.64552770815186 1.4096772970025044 31.944794994845598 0.0
0.218505859375 66.66534808088477 1.3869171324158915 31.947734786699296 0.0
0.2197265625 66.68535138828842 1.3645277623434502 31.950120849368087 0.0
0.220947265625 66.7055341799973 1.3425031226826352 31.951962697320024 0.0
0.22216796875 66.72589306316853 1.320837247866721 31.953269688964717 0.0
0.223388671875 66.74642470150056 1.2995242693083116 31.954051029191096 0.0
0.224609375 66.76712581426943 1.2785584138655322 31.954315771865 0.0
0.225830078125 66.78799317538213 1.2579340023306456 31.954072822287188 0.0
0.22705078125 66.80902361244681 1.2376454479408374 31.95333093961231 0.0
0.228271484375 66.83021400585956 1.217687254910913 31.952098739229477 0.0
0.2294921875 66.85156128790736 1.198054016987649 31.950384695104944 0.0
0.230712890625 66.8730624418869 1.178740416025545 31.948197142087512 0.0
0.23193359375 66.89471450123908 1.1597412205837192 31.945544278177156 0.0
0.233154296875 66.91651454869879 1.1410512845436918 31.942434166757483 0.0
0.234375 66.93845971545964 1.1226655457478043 31.938874738792514 0.0
0.235595703125 66.96054718035359 1.1045790246580196 31.934873794988356 0.0
0.23681640625 66.98277416904483 1.086786823034851 31.930439007920285 0.0
0.238037109375 67.00513795323805 1.0692841226361691 31.925577924125744 0.0
0.2392578125 67.02763584990052 1.0520661839356362 31.920297966163805 0.0
0.240478515625 67.05026522049788 1.035128344860518 31.914606434641566 0.0
0.24169921875 67.07302347024331 1.0184660195486273 31.908510510208018 0.0
0.242919921875 67.09590804735994 1.0020746971241516 31.90201725551586 0.0
0.244140625 67.11891644235608 0.9859499404921209 31.895133617151757 0.0
0.245361328125 67.14204618731318 0.97008738515127 31.8878664275355 0.0
0.24658203125 67.16529485518629 0.9544827380250573 31.880222406788604 0.0
0.247802734375 67.1886600591166 0.9391317763105971 31.872208164572747 0.0
0.2490234375 67.21213945175613 0.9240303463452681 31.863830201898548 0.0
0.250244140625 67.23573072460404 0.9091743624907621 31.855094912905138 0.0
0.25146484375 67.25943160735463 0.8945598060343359 31.846008586610978 0.0
0.252685546875 67.28323986725655 0.8801827241070369 31.836577408636348 0.0
0.25390625 67.3071533084833 0.866039228618668 31.826807462897982 0.0
0.255126953125 67.33116977151444 0.8521254952092651 31.816704733276246 0.0
0.25634765625 67.35528713252778 0.8384377622168586 31.80627510525531 0.0
0.257568359375 67.37950330280194 0.8249723296612947 31.79552436753672 0.0
0.2587890625 67.40381622812926 0.8117255582438927 31.78445821362681 0.0
0.260009765625 67.42822388823895 0.7986938683627176 31.7730822433983 0.0
0.26123046875 67.45272429623012 0.7858737391432498 31.761401964626597 0.0
0.262451171875 67.47731549801466 0.7732617074842332 31.749422794501065 0.0
0.263671875 67.50199557176971 0.760854367118489 31.737150061111755 0.0
0.264892578125 67.52676262739953 0.7486483676884814 31.724589004911937 0.0
0.26611328125 67.55161480600671 0.7366404138364254 31.71174478015682 0.0
0.267333984375 67.57655027937238 0.7248272643087278 31.698622456318844 0.0
0.2685546875 67.60156724944548 0.7132057310745562 31.685227019479914 0.0
0.269775390625 67.6266639478407 0.7017726784583318 31.671563373700923 0.0
0.27099609375 67.65183863534506 0.6905250222859439 31.657636342368956 0.0
0.272216796875 67.67708960143298 0.6794597290444878 31.643450669522494 0.0
0.2734375 67.70241516378965 0.6685738150553273 31.629011021154984 0.0
0.274658203125 67.72781366784254 0.6578643456602886 31.61432198649714 0.0
0.27587890625 67.75328348630092 0.6473284344207912 31.599388079278256 0.0
0.277099609375 67.7788230187033 0.6369632423297262 31.584213738966938 0.0
0.2783203125 67.80443069097257 0.6267659770358938 31.568803331991514 0.0
0.279541015625 67.83010495497865 0.6167338920808125 31.553161152940504 0.0
0.28076171875 67.85584428810883 0.6068642861477187 31.53729142574343 0.0
0.281982421875 67.88164719284511 0.5971545023225714 31.521198304832296 0.0
0.283203125 67.90751219634903 0.5876019273668864 31.504885876284053 0.0
0.284423828125 67.93343785005341 0.5782039910022195 31.48835815894434 0.0
0.28564453125 67.95942272926104 0.5689581652061254 31.47161910553281 0.0
0.286865234375 67.98546543275022 0.5598619635194189 31.454672603730327 0.0
0.2880859375 68.01156458238704 0.5509129403645673 31.437522477248358 0.0
0.289306640625 68.03771882274411 0.5421086903750462 31.420172486880798 0.0
0.29052734375 68.06392682072592 0.5334468477354911 31.402626331538546 0.0
0.291748046875 68.09018726520038 0.5249250855324818 31.384887649267093 0.0
0.29296875 68.11649886663675 0.5165411151157966 31.366960018247408 0.0
0.294189453125 68.14286035674958 0.5082926854699755 31.3488469577804 0.0
0.29541015625 68.16927048814875 0.5001775825960371 31.33055192925517 0.0
0.296630859375 68.19572803399538 0.49219362890318985 31.31207833710139 0.0
0.2978515625 68.22223178766355 0.48433868261038665 31.293429529726023 0.0
0.299072265625 68.24878056240777 0.4766106371575693 31.274608800434617 0.0
0.30029296875 68.27537319103602 0.46900742062645395 31.255619388337486 0.0
0.301513671875 68.30200852558829 0.4615269951707098 31.236464479240965 0.0
0.302734375 68.32868543702058 0.4541673564553848 31.217147206524 0.0
0.303955078125 68.35540281489419 0.44692653310543556 31.197670652000344 0.0
0.30517578125 68.38215956707023 0.4398025861632188 31.178037846766518 0.0
0.306396484375 68.4089546194093 0.4327936085548056 31.15825177203586 0.0
0.3076171875 68.43578691547617 0.42589772456497943 31.138315359958813 0.0
0.308837890625 68.46265541624946 0.4191130893207835 31.118231494429715 0.0
0.31005859375 68.48955909983617 0.4124378882834821 31.0980030118803 0.0
0.311279296875 68.51649696119101 0.40587033674880474 31.077632702060143 0.0
0.3125 68.5434680118404 0.3994086793553425 31.05712330880422 0.0
0.313720703125 68.57047127961116 0.3930511896009684 31.036477530787838 0.0
0.31494140625 68.59750580836366 0.38679616936715483 31.015698022269135 0.0
0.316162109375 68.62457065772956 0.38064194845106397 30.99478739381932 0.0
0.3173828125 68.65166490285377 0.3745868841052877 30.973748213040885 0.0
0.318603515625 68.67878763414083 0.3686293605851161 30.952583005273986 0.0
0.31982421875 68.70593795700556 0.36276778870321513 30.93129425429116 0.0
0.321044921875 68.73311499162774 0.35700060539159584 30.909884402980598 0.0
0.322265625 68.76031787271103 0.35132627327075877 30.888355854018158 0.0
0.323486328125 68.78754574924578 0.3457432802259003 30.866710970528267 0.0
0.32470703125 68.81479778427592 0.34025013899006684 30.84495207673395 0.0
0.325927734375 68.84207315466966 0.33484538673414765 30.823081458596125 0.0
0.3271484375 68.86937105089399 0.32952758466359566 30.80110136444235 0.0
0.328369140625 68.89669067679297 0.32429531762176933 30.779014005585186 0.0
0.32958984375 68.92403124936975 0.31914719369978944 30.75682155693039 0.0
0.330810546875 68.95139199857209 0.3140818438528061 30.734526157575036 0.0
0.33203125 68.97877216708159 0.3090979215225732 30.71212991139578 0.0
0.333251953125 69.00617101010629 0.30419410226622934 30.689634887627427 0.0
0.33447265625 69.03358779517683 0.2993690833911846 30.667043121431927 0.0
0.335693359375 69.06102180194593 0.2946215835960156 30.644356614458005 0.0
0.3369140625 69.08847232199115 0.2899503426172715 30.621577335391528 0.0
0.338134765625 69.11593865862103 0.2853541208820959 30.598707220496816 0.0
0.33935546875 69.14342012668439 0.2808316991665706 30.575748174148988 0.0
0.340576171875 69.17091605238272 0.27638187825968874 30.55270206935754 0.0
0.341796875 69.1984257730858 0.2720034786328662 30.52957074828128 0.0
0.343017578125 69.2259486371503 0.2676953401149017 30.50635602273475 0.0
0.34423828125 69.25348400374136 0.2634563215722971 30.48305967468629 0.0
0.345458984375 69.28103124265719 0.2592853005948515 30.459683456747904 0.0
0.3466796875 69.30858973415651 0.2551811731864427 30.436229092656987 0.0
0.347900390625 69.33615886878887 0.25114285346091236 30.412698277750163 0.0
0.34912109375 69.36373804722773 0.24716927334297195 30.38909267942925 0.0
0.350341796875 69.39132668010635 0.24325938227404723 30.36541393761956 0.0
0.3515625 69.41892418785636 0.23941214692298143 30.341663665220615 0.0
0.352783203125 69.446530000549 0.23562655090151768 30.317843448549436 0.0
0.35400390625 69.47414355773897 0.23190159448448286 30.293954847776504 0.0
0.355224609375 69.50176430831081 0.22823629433459605 30.269999397354546 0.0
0.3564453125 69.52939171032793 0.22462968323182625 30.245978606440197 0.0
0.357666015625 69.55702523088397 0.2210808098072249 30.22189395930876 0.0
0.35888671875 69.58466434595672 0.21758873828116004 30.19774691576206 0.0
0.360107421875 69.61230854026444 0.21415254820588037 30.173538911529626 0.0
0.361328125 69.63995730712442 0.2107713342123378 30.14927135866319 0.0
0.362548828125 69.66761014831403 0.20744420576119943 30.124945645924726 0.0
0.36376953125 69.69526657393392 0.20417028689797972 30.100563139168056 0.0
0.364990234375 69.72292610227356 0.20094871601222558 30.076125181714165 0.0
0.3662109375 69.75058825967895 0.19777864560068792 30.05163309472032 0.0
0.367431640625 69.77825258042245 0.19465924203441404 30.027088177543103 0.0
0.36865234375 69.80591860657482 0.19158968532969664 30.002491708095448 0.0
0.369873046875 69.83358588787935 0.18856916892281594 29.97784494319779 0.0
0.37109375 69.86125398162802 0.18559689944851282 29.953149118923424 0.0
0.372314453125 69.88892245253969 0.18267209652213115 29.928405450938147 0.0
0.37353515625 69.91659087264027 0.1797939925253694 29.90361513483432 0.0
0.374755859375 69.94425882114496 0.17696183239558197 29.878779346459417 0.0
0.3759765625 69.97192588434226 0.1741748734185715 29.85389924223913 0.0
0.377197265625 69.99959165547997 0.1714323850248151 29.82897595949517 0.0
0.37841796875 70.02725573465307 0.1687336485890676 29.804010616757825 0.0
0.379638671875 70.05491772869334 0.16607795723328614 29.77900431407334 0.0
0.380859375 70.08257725106088 0.16346461563282144 29.75395813330626 0.0
0.382080078125 70.11023392173738 0.16089293982582173 29.72887313843676 0.0
0.38330078125 70.13788736712105 0.15836225702579637 29.703750375853105 0.0
0.384521484375 70.16553721992344 0.15587190543728693 29.678590874639234 0.0
0.3857421875 70.19318311906768 0.1534212340745944 29.65339564685767 0.0
0.386962890625 70.22082470958871 0.151009602583512 29.628165687827725 0.0
0.38818359375 70.24846164253482 0.14863638106601404 29.60290197639911 0.0
0.389404296875 70.27609357487101 0.1463009499078516 29.577605475221084 0.0
0.390625 70.30372016938382 0.14400269960900747 29.552277131007116 0.0
0.391845703125 70.33134109458776 0.14174103061696244 29.52691787479522 0.0
0.39306640625 70.35895602463323 0.13951535316272695 29.50152862220399 0.0
0.394287109375 70.38656463921596 0.13732508709959182 29.476110273684398 0.0
0.3955078125 70.4141666234879 0.13516966174455347 29.450663714767494 0.0
0.396728515625 70.44176166796962 0.13304851572236898 29.425189816307967 0.0
0.39794921875 70.46934946846402 0.13096109681219759 29.399689434723744 0.0
0.399169921875 70.49692972597157 0.1289068617967857 29.374163412231606 0.0
0.400390625 70.52450214660685 0.12688527631415325 29.348612577078956 0.0
0.401611328125 70.55206644151647 0.1248958147117399 29.32303774377175 0.0
0.40283203125 70.57962232679832 0.12293795990297039 29.297439713298676 0.0
0.404052734375 70.60716952342209 0.12101120322619871 29.27181927335167 0.0
0.4052734375 70.6347077571512 0.11911504430599178 29.246177198542764 0.0
0.406494140625 70.66223675846585 0.11724899091671372 29.220514250617395 0.0
0.40771484375 70.68975626248739 0.11541255884837257 29.194831178664195 0.0
0.408935546875 70.71726600890393 0.11360527177469186 29.16912871932133 0.0
0.41015625 70.74476574189715 0.11182666112337009 29.143407596979433 0.0
0.411376953125 70.77225521007024 0.11007626594849174 29.11766852398123 0.0
0.41259765625 70.79973416637706 0.10835363280505415 29.09191220081785 0.0
0.413818359375 70.82720236805247 0.10665831562557507 29.066139316321927 0.0
0.4150390625 70.8546595765437 0.1049898755987462 29.04035054785752 0.0
0.416259765625 70.88210555744294 0.10334788105009891 29.014546561506926 0.0
0.41748046875 70.90954008042094 0.10173190732464855 28.98872801225438 0.0
0.418701171875 70.93696291916169 0.10014153667148445 28.962895544166802 0.0
0.419921875 70.96437385129819 0.09857635813027335 28.937049790571514 0.0
0.421142578125 70.99177265834926 0.09703596741964436 28.91119137423107 0.0
0.42236328125 71.01915912565735 0.09551996682742417 28.885320907515204 0.0
0.423583984375 71.04653304232733 0.09402796510269175 28.85943899256996 0.0
0.4248046875 71.07389420116633 0.0925595773496223 28.833546221484035 0.0
0.426025390625 71.10124239862449 0.09111442492309052 28.8076431764524 0.0
0.42724609375 71.12857743473674 0.08969213532600423 28.781730429937237 0.0
0.428466796875 71.15589911306543 0.08829234210833921 28.75580854482621 0.0
0.4296875 71.18320724064395 0.08691468476784717 28.729878074588175 0.0
0.430908203125 71.21050162792125 0.08555880865240889 28.703939563426314 0.0
0.43212890625 71.23778208870722 0.08422436486400527 28.677993546428752 0.0
0.433349609375 71.26504844011899 0.08291101016427917 28.652040549716716 0.0
0.4345703125 71.29230050252806 0.08161840688166175 28.62608109059026 0.0
0.435791015625 71.31953809950835 0.08034622282003714 28.600115677671607 0.0
0.43701171875 71.34676105778497 0.07909413116891989 28.574144811046107 0.0
0.438232421875 71.37396920718395 0.07786181041511987 28.548168982400938 0.0
0.439453125 71.40116238058265 0.07664894425587021 28.522188675161487 0.0
0.440673828125 71.42834041386108 0.0754552215133934 28.49620436462553 0.0
0.44189453125 71.45550314585394 0.07428033605088209 28.470216518095185 0.0
0.443115234375 71.48265041830342 0.07312398668987073 28.444225595006717 0.0
0.4443359375 71.50978207581281 0.07198587712897495 28.418232047058225 0.0
0.445556640625 71.53689796580082 0.07086571586397597 28.392236318335218 0.0
0.44677734375 71.56399793845664 0.06976321610922766 28.36623884543415 0.0
0.447998046875 71.59108184669573 0.06867809572036399 28.340240057583927 0.0
0.44921875 71.61814954611631 0.06761007711828557 28.314240376765426 0.0
0.450439453125 71.64520089495656 0.06655888721440367 28.288240217829056 0.0
0.45166015625 71.67223575405251 0.06552425733712093 28.262239988610396 0.0
0.452880859375 71.69925398679655 0.06450592315952815 28.236240090043943 0.0
0.4541015625 71.72625545909673 0.06350362462829683 28.21024091627499 0.0
0.455322265625 71.75324003933657 0.06251710589374769 28.184242854769703 0.0
0.45654296875 71.78020759833561 0.061546115241075436 28.15824628642335 0.0
0.457763671875 71.80715800931053 0.060590405022710535 28.1322515856668 0.0
0.458984375 71.83409114783696 0.059649731591799204 28.106259120571274 0.0
0.460205078125 71.86100689181188 0.058723855236782814 28.080269252951364 0.0
0.46142578125 71.88790512141658 0.0578125401170585 28.054282338466397 0.0
0.462646484375 71.91478571908021 0.056915554199702956 28.028298726720113 0.0
0.4638671875 71.94164856944404 0.0560326691972417 28.002318761358747 0.0
0.465087890625 71.9684935593261 0.055163660506446374 27.976342780167474 0.0
0.46630859375 71.99532057768657 0.05430830714814303 27.950371115165314 0.0
0.467529296875 72.02212951559356 0.0534663917080145 27.924404092698456 0.0
0.46875 72.04892026618957 0.052637700278380356 27.89844203353208 0.0
0.469970703125 72.07569272465841 0.0518220224009381 27.872485252940677 0.0
0.47119140625 72.1024467881927 0.0510191510104497 27.846534060796884 0.0
0.472412109375 72.12918235596179 0.05022888237935766 27.820588761658883 0.0
0.4736328125 72.15589932908036 0.0494510160633151 27.794649654856364 0.0
0.474853515625 72.18259761057733 0.048685354847614756 27.76871703457509 0.0
0.47607421875 72.20927710536544 0.04793170469450189 27.74279118994009 0.0
0.477294921875 72.2359377202112 0.047189874691356326 27.716872405097476 0.0
0.478515625 72.26257936370534 0.046459676999729214 27.69096095929496 0.0
0.479736328125 72.28920194623379 0.04574092680522036 27.665057126961017 0.0
0.48095703125 72.31580537994905 0.04503344226818198 27.63916117778279 0.0
0.482177734375 72.34238957874207 0.04433704447523527 27.61327337678271 0.0
0.4833984375 72.36895445821455 0.04365155739158618 27.587393984393888 0.0
0.484619140625 72.39549993565166 0.04297680781412717 27.561523256534237 0.0
0.48583984375 72.42202592999527 0.04231262532531177 27.535661444679437 0.0
0.487060546875 72.44853236181756 0.041658842247789214 27.50980879593468 0.0
0.48828125 72.47501915329498 0.041015293599786416 27.48396555310526 0.0
0.489501953125 72.5014862281828 0.04038181705122488 27.45813195476601 0.0
0.49072265625 72.52793351178987 0.03975825288056036 27.432308235329607 0.0
0.491943359375 72.55436093095393 0.0391444439323332 27.406494625113773 0.0
0.4931640625 72.58076841401724 0.03854023557541757 27.38069135040738 0.0
0.494384765625 72.60715589080262 0.03794547566195797 27.35489863353547 0.0
0.49560546875 72.63352329258981 0.03736001448698159 27.329116692923243 0.0
0.496826171875 72.65987055209239 0.03678370474867529 27.303345743158975 0.0
0.498046875 72.68619760343479 0.0362164015093161 27.277585995055933 0.0
0.499267578125 72.71250438212992 0.03565796215684449 27.251837655713278 0.0
0.50048828125 72.738790825057 0.03510824636706964 27.226100928575978 0.0
0.501708984375 72.76505687043979 0.03456711606649623 27.200376013493752 0.0
0.5029296875 72.79130245782522 0.03403443539576244 27.17466310677905 0.0
0.504150390625 72.81752752806226 0.03351007067367903 27.148962401264097 0.0
0.50537109375 72.84373202328116 0.03299389036185944 27.123274086357004 0.0
0.506591796875 72.86991588687312 0.03248576502993118 27.097598348096987 0.0
0.5078125 72.89607906347005 0.031985567321318825 27.07193536920866 0.0
0.509033203125 72.92222149892497 0.031493171919589086 27.046285329155477 0.0
0.51025390625 72.9483431402924 0.031008455515348716 27.02064840419229 0.0
0.511474609375 72.97444393580929 0.03053129677368599 26.99502476741705 0.0
0.5126953125 73.00052383487619 0.03006157630214678 26.96941458882169 0.0
0.513916015625 73.02658278803862 0.029599176619236337 26.943818035342165 0.0
0.51513671875 73.0526207469689 0.02914398212343809 26.918235270907694 0.0
0.516357421875 73.0786376644481 0.028695879062740817 26.892666456489188 0.0
0.517578125 73.10463349434845 0.028254755504665864 26.867111750146908 0.0
0.518798828125 73.13060819161589 0.027820501306785993 26.84157130707734 0.0
0.52001953125 73.15656171225295 0.0273930080877278 26.816045279659335 0.0
0.521240234375 73.1824940133019 0.026972169198649646 26.790533817499455 0.0
0.5224609375 73.20840505282818 0.02655787969518723 26.76503706747664 0.0
0.523681640625 73.23429478990404 0.026150036309859043 26.73955517378611 0.0
0.52490234375 73.26016318459251 0.025748537424924077 26.71408827798257 0.0
0.526123046875 73.28601019793159 0.02535328304568433 26.688636519022733 0.0
0.52734375 73.31183579191865 0.02496417477422468 26.66320003330713 0.0
0.528564453125 73.33763992949517 0.024581115783582932 26.637778954721256 0.0
0.52978515625 73.36342257453163 0.024204010792342887 26.61237341467604 0.0
0.531005859375 73.38918369181268 0.023832766039643443 26.58698354214768 0.0
0.5322265625 73.41492324702257 0.023467289260596817 26.56160946371683 0.0
0.533447265625 73.44064120673076 0.023107489662109133 26.53625130360713 0.0
0.53466796875 73.46633753837777 0.02275327789909672 26.510909183723136 0.0
0.535888671875 73.49201221026128 0.02240456605109154 26.485583223687637 0.0
0.537109375 73.51766519152241 0.022061267599229353 26.460273540878365 0.0
0.538330078125 73.54329645213228 0.02172329740361422 26.434980250464104 0.0
0.53955078125 73.56890596287872 0.021390571681053214 26.40970346544023 0.0
0.540771484375 73.59449369535318 0.021063007983155104 26.38444329666367 0.0
0.5419921875 73.62005962193793 0.02074052517478708 26.35919985288729 0.0
0.543212890625 73.64560371579337 0.020423043412883556 26.33397324079375 0.0
0.54443359375 73.67112595084562 0.020110484125601243 26.308763565028787 0.0
0.545654296875 73.69662630177422 0.01980276999181477 26.283570928233978 0.0
0.546875 73.72210474400009 0.019499824920947203 26.258395431078963 0.0
0.548095703125 73.74756125367371 0.019201574033129956 26.23323717229317 0.0
0.54931640625 73.77299580766332 0.018907943639686654 26.208096248696997 0.0
0.550537109375 73.79840838354355 0.01861886122393555 26.182972755232516 0.0
0.5517578125 73.82379895958401 0.018334255422305296 26.15786678499368 0.0
0.552978515625 73.84916751473821 0.01805405600575885 26.132778429256025 0.0
0.55419921875 73.87451402863256 0.017778193861520453 26.10770777750592 0.0
0.555419921875 73.89983848155558 0.01750660097510066 26.08265491746932 0.0
0.556640625 73.9251408544473 0.017239210412614513 26.057619935140075 0.0
0.557861328125 73.95042112888882 0.01697595630338801 26.032602914807782 0.0
0.55908203125 73.97567928709196 0.016716773822848138 26.007603939085172 0.0
0.560302734375 74.00091531188922 0.016461599175691753 25.982623088935078 0.0
0.5615234375 74.02612918672371 0.016210369579328737 25.957660443696952 0.0
0.562744140625 74.05132089563942 0.0159630232475949 25.932716081112968 0.0
0.56396484375 74.07649042327155 0.015719499374730175 25.907790077353702 0.0
0.565185546875 74.10163775483699 0.015479738119617744 25.882882507043387 0.0
0.56640625 74.12676287612493 0.01524368059027978 25.857993443284776 0.0
0.567626953125 74.15186577348774 0.015011268828625586 25.833122957683614 0.0
0.56884765625 74.17694643383184 0.014782445795447968 25.808271120372684 0.0
0.570068359375 74.20200484460881 0.014557155355663752 25.7834380000355 0.0
0.5712890625 74.22704099380657 0.014335342263794435 25.758623663929605 0.0
0.572509765625 74.25205486994079 0.014116952149682989 25.733828177909494 0.0
0.57373046875 74.27704646204636 0.013901931504442966 25.709051606449176 0.0
0.574951171875 74.30201575966898 0.013690227666636046 25.684294012664356 0.0
0.576171875 74.326962752857 0.013481788808674289 25.659555458334292 0.0
0.577392578125 74.35188743215325 0.01327656392344339 25.634836003923272 0.0
0.57861328125 74.37678978858706 0.01307450281114329 25.61013570860176 0.0
0.579833984375 74.40166981366642 0.012875556066342584 25.5854546302672 0.0
0.5810546875 74.42652749937022 0.012679675065243194 25.56079282556449 0.0
0.582275390625 74.45136283814068 0.012486811953151863 25.536150349906123 0.0
0.58349609375 74.47617582287579 0.01229691963215506 25.51152725749201 0.0
0.584716796875 74.50096644692199 0.012109951748993958 25.48692360132897 0.0
0.5859375 74.52573470406688 0.011925862683136189 25.462339433249944 0.0
0.587158203125 74.55048058853207 0.01174460753504116 25.43777480393285 0.0
0.58837890625 74.57520409496617 0.011566142114615728 25.413229762919183 0.0
0.589599609375 74.59990521843783 0.011390422929857123 25.388704358632282 0.0
0.5908203125 74.62458395442896 0.011217407175680039 25.364198638395337 0.0
0.592041015625 74.64924029882798 0.011047052722924866 25.33971264844907 0.0
0.59326171875 74.67387424792325 0.010879318107544101 25.315246433969172 0.0
0.594482421875 74.69848579839656 0.010714162519963993 25.290800039083436 0.0
0.595703125 74.72307494731673 0.010551545794618571 25.266373506888616 0.0
0.596923828125 74.74764169213329 0.010391428399653204 25.24196687946703 0.0
0.59814453125 74.77218603067028 0.010233771426794934 25.217580197902883 0.0
0.599365234375 74.79670796112022 0.010078536581386823 25.193213502298352 0.0
0.6005859375 74.82120748203799 0.009925686172583654 25.168866831789376 0.0
0.601806640625 74.845684592335 0.009775183103706304 25.144540224561233 0.0
0.60302734375 74.87013929127335 0.009626990862752227 25.12023371786384 0.0
0.604248046875 74.89457157846005 0.009481073513059463 25.09594734802683 0.0
0.60546875 74.91898145384145 0.009337395684121657 25.071681150474358 0.0
0.606689453125 74.94336891769767 0.009195922562551643 25.047435159739717 0.0
0.60791015625 74.96773397063707 0.009056619883191118 25.02320940947967 0.0
0.609130859375 74.99207661359098 0.008919453920364048 24.999003932488584 0.0
0.6103515625 75.01639684780831 0.008784391479271434 24.974818760712342 0.0
0.611572265625 75.04069467485039 0.008651399887525136 24.950653925262007 0.0
0.61279296875 75.06497009658581 0.008520446986818466 24.926509456427286 0.0
0.614013671875 75.0892231151854 0.008391501124731334 24.902385383689783 0.0
0.615234375 75.11345373311723 0.008264531146667711 24.878281735736024 0.0
0.616455078125 75.1376619531417 0.008139506387923292 24.8541985404703 0.0
0.61767578125 75.16184777830678 0.008016396665881175 24.830135825027266 0.0
0.618896484375 75.18601121194321 0.007895172272333521 24.806093615784388 0.0
0.6201171875 75.21015225765986 0.007775803965927085 24.78207193837414 0.0
0.621337890625 75.23427091933914 0.007658262964730631 24.758070817696062 0.0
0.62255859375 75.25836720113244 0.007542520938922212 24.734090277928566 0.0
0.623779296875 75.28244110745574 0.00742855000359438 24.710130342540605 0.0
0.625 75.30649264298513 0.007316322711675383 24.686191034303132 0.0
0.626220703125 75.3305218126526 0.007205812046964465 24.662272375300375 0.0
0.62744140625 75.35452862164172 0.0070969914172794015 24.638374386940942 0.0
0.628662109375 75.37851307538348 0.006989834647714439 24.614497089968744 0.0
0.6298828125 75.4024751795522 0.006884315974006838 24.59064050447374 0.0
0.631103515625 75.4264149400614 0.00678041003601025 24.56680464990253 0.0
0.63232421875 75.45033236305993 0.006678091871273181 24.542989545068746 0.0
0.633544921875 75.47422745492791 0.006577336908720828 24.519195208163314 0.0
0.634765625 75.49810022227298 0.006478120962438612 24.49542165676453 0.0
0.635986328125 75.52195067192642 0.006380420225555731 24.47166890784798 0.0
0.63720703125 75.54577881093942 0.006284211264227126 24.447936977796303 0.0
0.638427734375 75.56958464657944 0.006189471011712238 24.424225882408805 0.0
0.6396484375 75.5933681863265 0.0060961767625489875 24.400535636910917 0.0
0.640869140625 75.61712943786965 0.006004306166821423 24.37686625596349 0.0
0.64208984375 75.64086840910348 0.005913837224519514 24.35321775367196 0.0
0.643310546875 75.6645851081246 0.005824748279989588 24.329590143595368 0.0
0.64453125 75.68827954322826 0.005737018016473938 24.30598343875522 0.0
0.645751953125 75.711951722905 0.0056506254507381415 24.282397651644214 0.0
0.64697265625 75.73560165583733 0.0055655499277846784 24.258832794234834 0.0
0.648193359375 75.75922935089649 0.005481771115651424 24.23528887798781 0.0
0.6494140625 75.78283481713923 0.005399269000293656 24.211765913860425 0.0
0.650634765625 75.80641806380468 0.005318023880548204 24.188263912314714 0.0
0.65185546875 75.82997910031125 0.005238016363178413 24.16478288332551 0.0
0.653076171875 75.85351793625354 0.005159227357998608 24.141322836388394 0.0
0.654296875 75.87703458139939 0.005081638073076754 24.117883780527475 0.0
0.655517578125 75.90052904568684 0.0050052300100140645 24.094465724303085 0.0
0.65673828125 75.9240013392213 0.004929984959300288 24.071068675819337 0.0
0.657958984375 75.94745147227265 0.0048558849957434525 24.04769264273156 0.0
0.6591796875 75.97087945527237 0.0047829124739728595 24.024337632253612 0.0
