0.0 74.0 25.0 0.0 1.0
0.00244140625 73.55333570246587 24.22639613520309 1.2005517993599983 1.0197163629710353
0.0048828125 73.12520592718816 23.47394264214573 2.361541841115076 1.0393095895510256
0.00732421875 72.71489636086307 22.742261229023118 3.4840698514481865 1.0587725586656265
0.009765625 72.32172173535719 22.030964801628144 4.5692147361784645 1.0780987268361997
0.01220703125 71.94502459566507 21.339659057634453 5.618034231403753 1.097282115296721
0.0146484375 71.58417411754282 20.667943957175154 6.631564629547731 1.1163172957343022
0.01708984375 71.23856497355584 20.01541507680034 7.61082057480399 1.1351993748398401
0.01953125 70.90761624619013 19.38166485364328 8.556794922320488 1.153923977846106
0.02197265625 70.59077038661054 18.766283726362918 9.470458655805679 1.1724872312208632
0.0244140625 70.28749221760319 18.168861179162523 10.35276085856179 1.1908857446725074
0.02685546875 69.99726797920957 17.5889866949138 11.204628733261233 1.2091165926154002
0.029296875 69.71960441554465 17.02625062314496 12.026967666078722 1.2271772952316606
0.03173828125 69.45402790128743 16.480244968382177 12.820661331074607 1.2450657992557814
0.0341796875 69.20008360633962 15.950564104068055 13.58657183099417 1.2627804585981588
0.03662109375 68.95733469716299 15.436805417019894 14.325539870903567 1.2803200149135496
0.0390625 68.72536157332817 14.938569887135273 15.038384961325903 1.297683578210662
0.04150390625 68.50376113783514 14.455462606804272 15.72590564777099 1.3148706075896077
0.0439453125 68.29214609979852 13.987093244246626 16.38887976377002 1.3318808921848448
0.04638671875 68.09014430812617 13.533076454759218 17.028064704732067 1.3487145323825513
0.048828125 67.89739811485877 13.093032243634653 17.64419772013346 1.3653719213731241
0.05126953125 67.71356376687852 12.666586284295683 18.23799622173409 1.3818537270917102
0.0537109375 67.53831082473769 12.253370194982919 18.810158105687023 1.3981608745923644
0.05615234375 67.37132160740069 11.853021777134868 19.36136208656985 1.414294528894589
0.05859375 67.21229066173714 11.465185218409605 19.8922680415186 1.430256078334655
0.06103515625 67.06092425564742 11.089511263116487 20.403517362787877 1.4460471184482149
0.0634765625 66.9169398937456 10.725657352654002 20.895733317195095 1.4616694364052998
0.06591796875 66.78006585456804 10.373287738385926 21.369521411032224 1.4771249960138215
0.068359375 66.65004074831849 10.032073569232335 21.825469759146017 1.4924159233031684
0.07080078125 66.52661309420246 9.701692956104441 22.26414945699774 1.5075444926953745
0.0732421875 66.40954091644402 9.381831015172352 22.686114954616016 1.5225131137676278
0.07568359375 66.29859135811844 9.072179891822561 23.091904431452452 1.5373243186065577
0.078125 66.19354031197233 8.772438767036945 23.482040171238964 1.5519807497517732
0.08056640625 66.09417206744035 8.482313847806962 23.8570289360292 1.5664851487234936
0.0830078125 66.0002789731039 8.201518343085354 24.21736233868395 1.5808403451268072
0.08544921875 65.91166111387163 7.9297724266727245 24.563517213132585 1.5950492463230765
0.087890625 65.82812600219563 7.666803188337538 24.895955981809568 1.609114827657272
0.09033203125 65.74948828266895 7.412344574375103 25.215127019727433 1.623040123228532
0.0927734375 65.67556944938116 7.166137318723731 25.52146501470513 1.6368282171900006
0.09521484375 65.60619757543859 6.927928865674189 25.81539132332428 1.6504822355629563
0.09765625 65.54120705408377 6.697473285131541 26.097314322235285 1.6640053385494122
0.10009765625 65.48043835087614 6.474531181316238 26.36762975448092 1.677400713326706
0.1025390625 65.42373776642182 6.25886959572365 26.62672107054743 1.690671567307099
0.10498046875 65.37095720916516 6.050261905097842 26.874959763891948 1.7038211218450592
0.107421875 65.32195397777814 5.848487715116122 27.11270570073108 1.7168526063746674
0.10986328125 65.27659055270666 5.6533327504254105 27.34030744390843 1.7297692529594988
0.1123046875 65.2347343964537 5.464588741619708 27.558102570689275 1.7425742912373112
0.11474609375 65.19625776220008 5.2820533096995534 27.766417984358387 1.755270943741975
0.1171875 65.161037510383 5.105529848509238 27.965570219522522 1.7678624215852359
0.11962890625 65.12895493287091 4.934827405605462 28.15586574104247 1.7803519204811524
0.1220703125 65.09989558439094 4.769760561971927 28.337601236540802 1.792742617096331
0.12451171875 65.07374912088173 4.6101493109578415 28.51106390245099 1.8050376657094431
0.126953125 65.05040914446069 4.4558189367843815 28.67653172359105 1.8172401951638912
0.12939453125 65.02977305470938 4.3065998929315725 28.83427374626114 1.8293533060979195
0.1318359375 65.01174190599554 4.16232768068873 28.98455034487883 1.8413800684369153
0.13427734375 64.99622027056343 4.022842728124385 29.127613482179065 1.8533235191331328
0.13671875 64.98311610713759 3.8879902697063744 29.263706963017487 1.865186660138555
0.13916015625 64.97234063479698 3.7576202267793852 29.393066681826514 1.8769724565971244
0.1416015625 64.96380821188836 3.631587089085563 29.515920863782984 1.8886838352430886
0.14404296875 64.95743621975889 3.509749797493779 29.63249029975461 1.9003236829927213
0.146484375 64.95314495109814 3.3919716280846037 29.742988575100046 1.9118948457172085
0.14892578125 64.95085750269018 3.2781200777209465 29.847622292403862 1.923400127185005
0.1513671875 64.95049967238533 3.1680667512185288 29.946591288233655 1.9348422881624836
0.15380859375 64.95199986011056 3.0616872502158223 30.040088844011414 1.9462240456622077
0.15625 64.95528897274592 2.9588610638297 30.12830189109573 1.9575480723286633
0.15869140625 64.96030033270245 2.859471461170726 30.211411210175072 1.96881699595177
0.1611328125 64.96696959004477 2.76340538578072 30.28959162507554 1.9800333990989814
0.16357421875 64.97523463800886 2.6705533520448466 30.36301219108907 1.9911998188572408
0.166015625 64.98503553177234 2.5808093436209996 30.431836377930143 2.002318746676526
0.16845703125 64.99631441034148 2.4940707139205447 30.496222247430833 2.013392628307144
0.1708984375 65.00901542142498 2.4102380886665626 30.55632262608509 2.0244238638233756
0.17333984375 65.02308464917081 2.3292152705484996 30.612285272554224 2.035414807726469
0.17578125 65.03847004464812 2.250909145985545 30.664253040245953 2.046367769120392
0.17822265625 65.0551213589611 2.1752295940050823 30.712364035079705 2.0572850119541166
0.1806640625 65.0729900788875 2.1020893972371373 30.756751768550775 2.06816875532459
0.18310546875 65.09202936493863 2.0314041550208555 30.79754530620563 2.0790211738348883
0.185546875 65.1121939917428 1.9630921986146102 30.834869411640195 2.0898443980023873
0.18798828125 65.13344029065837 1.8970745084973841 30.868844686132135 2.100640514712105
0.1904296875 65.1557260945265 1.8332746337454942 30.899587704017325 2.1114115677106726
0.19287109375 65.17901068447816 1.7716186134655563 30.927211143919585 2.122159558136691
0.1953125 65.20325473871318 1.7120349002617514 30.95182391594156 2.132886445083494
0.19775390625 65.2284202831732 1.6544542857129536 30.973531284923233 2.143594146190614
0.2001953125 65.25447064403323 1.5988098278330682 30.9924349898732 2.1542845382604887
0.20263671875 65.2813704019406 1.5450367804860012 31.00863335967619 2.164959457897191
0.205078125 65.3090853479321 1.4930725247249985 31.022221425178714 2.1756207021641814
0.20751953125 65.33758244096401 1.4428565020246475 31.033291027753037 2.186270029258299
0.2099609375 65.36682976699215 1.3943301493725997 31.041930924437832 2.196909159197411
0.21240234375 65.39679649954152 1.3474368361870368 31.04822688975212 2.207539774519323
0.21484375 65.42745286170803 1.3021218030250399 31.052261814277195 2.2181635209897363
0.21728515625 65.45877008953714 1.25833210204633 31.054115800099325 2.228782008317208
0.2197265625 65.49072039672636 1.2160165391963 31.053866253204113 2.239396810873226
0.22216796875 65.52327694060106 1.1751256180718466 31.051587972911435 2.2500094684156595
0.224609375 65.55641378931485 1.135611485433229 31.047353238437942 2.2606214868139904
0.22705078125 65.59010589022805 1.097427878325005 31.041231892672105 2.2712343387748586
0.2294921875 65.62432903941959 1.0605300727690223 31.033291423244822 2.2818494645665823
0.23193359375 65.65905985228945 1.0248748339924671 31.023597040976682 2.2924682727414263
0.234375 65.6942757352105 0.9904203681540736 31.012211755780942 2.3030921408545013
0.23681640625 65.72995485819055 0.9571262755317768 30.999196450099408 2.313722416178282
0.2392578125 65.76607612850648 0.9249535051353381 30.98460994994638 2.324360416411822
0.24169921875 65.8026191652744 0.8938643107077794 30.968509093634008 2.335007430383837
0.244140625 65.83956427492085 0.8638222080798172 30.950948798250444 2.3456647187489077
0.24658203125 65.87689242752172 0.8347919338419014 30.93198212396026 2.3563335146761295
0.2490234375 65.91458523397662 0.8067394052989048 30.911660336194878 2.367015024529616
0.25146484375 65.95262492398793 0.7796316816730015 30.890032965798778 2.377710428540319
0.25390625 65.99099432481493 0.7534369265207838 30.8671478671956 2.388420881468703
0.25634765625 66.02967684077458 0.7281243713312164 30.843051274636366 2.3991475132578515
0.2587890625 66.0686564334614 0.7036642802715927 30.81778785659037 2.4098914296766627
0.26123046875 66.10791760266036 0.6800279160492472 30.791400768337603 2.420653712952814
0.263671875 66.14744536792757 0.6571875068573847 30.763931702819836 2.4314354223952384
0.26611328125 66.18722525081422 0.6351162143740038 30.73542093980591 2.442237595005895
0.2685546875 66.22724325771073 0.613788102783523 30.705907393425132 2.453061246080651
0.27099609375 66.26748586328841 0.5931781087913564 30.675428658121135 2.4639073697991303
0.2734375 66.3079399945173 0.5732620126023287 30.644021053076987 2.474776939803423
0.27587890625 66.34859301523913 0.5540164098344698 30.611719665160873 2.4856709097655703
0.2783203125 66.38943271127572 0.535418684340376 30.57855839044018 2.4965902139437763
0.28076171875 66.43044727605339 0.5174469819089786 30.544569974310363 2.507535767727319
0.283203125 66.47162529672504 0.500080184821208 30.509786050283637 2.5185084681701593
0.28564453125 66.51295574077201 0.4832978872336888 30.47423717748107 2.529509194513265
0.2880859375 66.55442794306867 0.4670803713652449 30.437952876870423 2.5405388086956915
0.29052734375 66.59603159339318 0.451408584461629 30.400961666290755 2.5515981558544696
0.29296875 66.63775672436864 0.43626411651452696 30.36329109430348 2.562688064813379
0.29541015625 66.67959369981939 0.4216291787115075 30.32496777290844 2.5738093485606917
0.2978515625 66.72153320352756 0.40748658259421017 30.28601740916228 2.584962804715982
0.30029296875 66.76356622837594 0.3938197199026692 30.246464835735303 2.5961492159861197
0.302734375 66.80568406586342 0.38061254308427456 30.206334040441764 2.6073693506105675
0.30517578125 66.84787829597985 0.36784954644646 30.165648194777592 2.61862396279611
0.3076171875 66.89014077742776 0.35551574793278956 30.124429681498306 2.6299137931411574
0.31005859375 66.9324636381786 0.343596671502685 30.082700121268957 2.6412395690497728
0.3125 66.97483926635195 0.3320783300955962 30.040480398416896 2.6526020051355688
0.31494140625 67.01726030140625 0.32094720916096503 29.997790685817154 2.6640018036156388
0.3173828125 67.0597196256302 0.31019025073587386 29.954650468939263 2.6754396546946846
0.31982421875 67.10221035592424 0.2997948380527933 29.91107856908348 2.6869162369395045
0.322265625 67.14472583586225 0.2897487806603625 29.867093165833392 2.6984322176440156
0.32470703125 67.18725962802328 0.2800403000406381 29.82271181875111 2.7099882531849824
0.3271484375 67.22980550658437 0.27065801570674014 29.777951488340275 2.7215849893686257
0.32958984375 67.27235745016498 0.26159093176530623 29.73282855630144 2.7332230617682884
0.33203125 67.31490963491461 0.25282842392863364 29.687358845103425 2.7449030960533385
0.33447265625 67.35745642783503 0.2443602269618476 29.641557636893655 2.7566257083094836
0.3369140625 67.39999238032892 0.236176422550882 29.595439691769535 2.7683915053506802
0.33935546875 67.44251222196732 0.2282674275774935 29.5490192654324 2.7802010850228105
0.341796875 67.48501085446807 0.22062398278795453 29.502310126244694 2.7920550364993093
0.34423828125 67.52748334587815 0.2132371418424856 29.455325571710475 2.8039539405689164
0.3466796875 67.5699249249528 0.2060982607328878 29.408078444398612 2.8158983699157307
0.34912109375 67.6123309757246 0.19919898755623025 29.36058114732745 2.827888889391741
0.3515625 67.65469703225615 0.19253125263282658 29.312845658829044 2.8399260562820055
0.35400390625 67.69701877356977 0.18608725895710693 29.2648835469105 2.8520104205626557
0.3564453125 67.73929201874837 0.17985947297035068 29.216705983129412 2.8641425251518884
0.35888671875 67.7815127222016 0.17384061564459702 29.16832375599971 2.8763229061541185
0.361328125 67.82367696909135 0.1680236538673893 29.119747283943823 2.888552093097456
0.36376953125 67.86578097091157 0.16240179211734096 29.07098662780643 2.9008306091646716
0.3662109375 67.90782106121672 0.1569684644208312 29.022051502944652 2.913158971417808
0.36865234375 67.94979369149404 0.1517173265804503 28.97295129090893 2.9255376910166024
0.37109375 67.99169542717456 0.14664224866611755 28.923695050728476 2.937967273430869
0.37353515625 68.03352294377831 0.14173730776008767 28.874291529814634 2.9504482186469976
0.3759765625 68.07527302318886 0.13699678094734719 28.8247491744951 2.9629810213687184
0.37841796875 68.11694255005311 0.13241513854317802 28.775076140191455 2.9755661712122823
0.380859375 68.15852850830179 0.12798703754993385 28.725280301252116 2.9882041528961976
0.38330078125 68.20002797778669 0.12370731533533451 28.675369260452342 3.0008954464256687
0.3857421875 68.24143813103073 0.11957098352483592 28.625350358172597 3.0136405272718756
0.38818359375 68.28275623008682 0.11557322210087666 28.57523068126612 3.0264398665462275
0.390625 68.32397962350198 0.11170937370203972 28.525017071626287 3.039293931169729
0.39306640625 68.36510574338318 0.10797493811539667 28.474716134463876 3.0522031840375865
0.3955078125 68.40613210256122 0.10436556695552386 28.424334246304124 3.06516808417918
0.39794921875 68.44705629184959 0.10087705852389571 28.37387756271302 3.078189086913534
0.400390625 68.48787597739502 0.09750535284256824 28.323352025762055 3.0912666440004
0.40283203125 68.52858889811642 0.09424652685626819 28.27276337124027 3.1044012037870754
0.4052734375 68.56919286322959 0.09109678979719832 28.222117135622184 3.1175932113510734
0.40771484375 68.60968574985435 0.08805247870705889 28.171418662799873 3.130843108638761
0.41015625 68.6500655007018 0.08511005411096857 28.1206731105872 3.144151334600073
0.41259765625 68.69033012183854 0.08226609583814526 28.06988545700395 3.157518325319409
0.4150390625 68.73047768052558 0.079517298984379 28.019060506347262 3.170944514142825
0.41748046875 68.77050630312924 0.07686047001149537 27.96820289505769 3.1844303318016203
0.419921875 68.81041417310173 0.07429252297916857 27.917317097386725 3.197976206532413
0.42236328125 68.85019952902898 0.07181047590459849 27.866407430872645 3.211582564193818
0.4248046875 68.88986066274343 0.06941144724571738 27.815478061631094 3.2252498283798072
0.42724609375 68.92939591749973 0.0670926525037364 27.764533009466724 3.2389784205298566
0.4296875 68.96880368621113 0.06485140094098396 27.713576152811974 3.2527687600359614
0.43212890625 69.00808240974449 0.06268509241012336 27.66261123349883 3.266621264346617
0.4345703125 69.04723057527201 0.06059121429096952 27.611641861369236 3.280536349067846
0.43701171875 69.0862467146778 0.05856733853125152 27.560671518729656 3.2945144280613556
0.439453125 69.12512940301733 0.05661111878779135 27.509703564655034 3.30855591353991
0.44189453125 69.16387725702809 0.05472028766468804 27.458741239147294 3.322661216159993
0.4443359375 69.20248893368972 0.05289265404521184 27.407787667153297 3.336830745111841
0.44677734375 69.2409631288319 0.051126100514224324 27.35684586244703 3.351064908206922
0.44921875 69.27929857578846 0.049418580868048116 27.305918731380633 3.365364111962931
0.45166015625 69.3174940440962 0.047768117708813965 27.255009076508696 3.379728761686374
0.4541015625 69.35554833823669 0.04617280012041364 27.20411960009016 3.394159261552814
0.45654296875 69.39346029642002 0.04463078142328431 27.153252907471934 3.408656014684838
0.458984375 69.43122878940865 0.04314027700534424 27.102411510358262 3.4232194232278155
0.46142578125 69.46885271938037 0.04169956222649033 27.051597829969705 3.437849888423515
0.4638671875 69.5063310188288 0.040306970394156275 27.000814200095487 3.4525478106816334
0.46630859375 69.54366264950046 0.03896089080751449 26.95006287004281 3.4673135896493013
0.46875 69.58084660136683 0.03765976686798755 26.899346007486642 3.482147624278626
0.47119140625 69.6178818916306 0.036402094253813806 26.84866570122335 3.497050312892323
0.4736328125 69.6547675637647 0.035186419156488735 26.79802396383142 3.512022053247494
0.47607421875 69.69150268658308 0.034011336576977434 26.747422734242427 3.527063242597607
0.478515625 69.72808635334238 0.03287548867966545 26.696863880225315 3.542174277752726
0.48095703125 69.76451768087308 0.03177756320208409 26.646349200786872 3.557355555138042
0.4833984375 69.80079580873952 0.03071629191851329 26.595880428491288 3.5726074708507602
0.48583984375 69.83691989842757 0.02969044915562967 26.54545923170151 3.5879304207153795
0.48828125 69.87288913255918 0.028698850358429687 26.49508721674506 3.603324800337422
0.49072265625 69.90870271413289 0.02774035070471821 26.44476593000684 3.61879100515565
0.4931640625 69.9443598657893 0.026813843766510935 26.394496859951467 3.634329430492818
0.49560546875 69.97985982910093 0.025918260216755373 26.344281439077406 3.6499404716049986
0.498046875 70.0152018638854 0.02505256657982948 26.29412104580534 3.665624523729526
0.50048828125 70.05038524754124 0.024215764024329497 26.24401700630291 3.6813819821315987
0.5029296875 70.08540927440578 0.02340688719670925 26.193970596248025 3.697213242149572
0.50537109375 70.12027325513392 0.02262500309438223 26.14398304253278 3.713118699238988
0.5078125 70.1549765160977 0.02186920997694501 26.094055524910047 3.7290987490153737
0.51025390625 70.18951839880539 0.02113863631422639 26.044189177584606 3.745153787295842
0.5126953125 70.22389825933985 0.020432439769910684 25.994385090750775 3.7612842101395327
0.51513671875 70.25811546781536 0.019749806219526357 25.94464431207826 3.7774904138869263
0.517578125 70.29216940785233 0.019089948801632364 25.894967848148056 3.7937727951980595
0.52001953125 70.3260594760693 0.018452107001074355 25.845356665840015 3.81013175108968
0.5224609375 70.35978508159171 0.01783554576322136 25.795811693673773 3.8265676789713625
0.52490234375 70.39334564557674 0.01723955463813073 25.74633382310457 3.843080976680625
0.52734375 70.42674060075386 0.016663446953624966 25.696923909775524 3.8596720425170647
0.52978515625 70.45996939098045 0.016106559016298698 25.647582774727773 3.8763412752755486
0.5322265625 70.49303147081208 0.015568249339507609 25.598311205569992 3.8930890742784805
0.53466796875 70.52592630508691 0.015047897897423338 25.549109957608554 3.9099158394071725
0.537109375 70.55865336852368 0.014544905404269701 25.499979754939766 3.9268219711323478
0.53955078125 70.591212145333 0.01405869261788567 25.450921291505377 3.943807870543796
0.5419921875 70.62360212884141 0.013588699666789708 25.40193523211265 3.960873939379206
0.54443359375 70.65582282112776 0.013134385399948177 25.353022213420154 3.9780205800522013
0.546875 70.6878737326715 0.012695226758477729 25.30418284489048 3.995248195679598
0.54931640625 70.71975438201267 0.012270718168537795 25.255417709710947 4.0125571901079065
0.5517578125 70.75146429542285 0.011860370954694685 25.206727365683413 4.029947967939098
0.55419921875 70.78300300658714 0.011463712773063253 25.1581123460842 4.04742093455566
0.556640625 70.81437005629637 0.01108028706355576 25.109573160495177 4.064976496144958
0.55908203125 70.8455649921496 0.010709652520590366 25.061110295606955 4.082615059722913
0.5615234375 70.87658736826627 0.010351382581633775 25.012724215995114 4.100337033157039
0.56396484375 70.90743674500786 0.010005064932973862 24.96441536487041 4.118142825188818
0.56640625 70.93811268870864 0.009670301032138647 24.9161841648038 4.136032845455481
0.56884765625 70.96861477141533 0.009346705646397889 24.868031018427175 4.15400750451116
0.5712890625 70.99894257063524 0.00903390640680276 24.819956309110566 4.172067213847465
0.57373046875 71.02909566909268 0.008731543377237591 24.77196040161666 4.190212385913486
0.576171875 71.05907365449349 0.008439268637975584 24.724043642733367 4.208443434135232
0.57861328125 71.08887611929708 0.008156745883247662 24.676206361885193 4.226760772934535
0.5810546875 71.11850266049619 0.007883650032350396 24.6284488717241 4.245164817747421
0.58349609375 71.14795287940368 0.007619666853834956 24.58077146870059 4.263655985041968
0.5859375 71.17722638144645 0.00736449260233475 24.533174433615628 4.282234692335661
0.58837890625 71.20632277596611 0.007117833667604357 24.485658032154088 4.3009013582122595
0.5908203125 71.23524167602619 0.0068794062353569356 24.438222515400323 4.319656402338193
0.59326171875 71.26398269822562 0.006648935959501333 24.39086812033646 4.338500245478488
0.595703125 71.29254546251842 0.006426157645393651 24.343595070324014 4.3574333095122455
0.59814453125 71.3209295920393 0.006210814943731131 24.29640357556936 4.376456017447679
0.6005859375 71.349134712935 0.006002660054728876 24.24929383357363 4.395568793436724
0.60302734375 71.37716045420109 0.005801453442232114 24.202266029567536 4.414772062789227
0.60546875 71.40500644752429 0.0056069635574285326 24.155320336931638 4.434066251986726
0.60791015625 71.43267232712986 0.005418966571836595 24.10845691760254 4.453451788695835
0.6103515625 71.46015772963409 0.005237246119256749 24.06167592246549 4.47292910178124
0.61279296875 71.48746229390153 0.005061593046383074 24.014977491733845 4.4924986213183145
0.615234375 71.5145856609071 0.004891805171783191 23.96836175531582 4.512160778605365
0.61767578125 71.54152747360261 0.004727687052964141 23.921828833168973 4.531916006175517
0.6201171875 71.56828737678772 0.004569049761251558 23.87537883564284 4.551764737808246
0.62255859375 71.5948650169852 0.004415710664218679 23.829011863810077 4.571707408540565
0.625 71.62126004232024 0.004267493215410688 23.78272800978653 4.591744454677874
0.62744140625 71.64747210240382 0.004124226751118515 23.73652735704063 4.611876313804484
0.6298828125 71.6735008482199 0.003985746293964542 23.69040998069238 4.632103424793813
0.63232421875 71.69934593201633 0.0038518923630707263 23.644375947802388 4.652426227818275
0.634765625 71.72500700719942 0.003722510790587435 23.598425317651202 4.6728451643588516
0.63720703125 71.750483728232 0.0035974525443687754 23.552558142009325 4.6933606772143746
0.6396484375 71.7757757505348 0.003476573556587483 23.506774465398173 4.713973210510504
0.64208984375 71.80088273039124 0.003359734558089426 23.461074325342327 4.734683209708422
0.64453125 71.82580432485521 0.0032468009182945604 23.41545775261333 4.75549112161324
0.64697265625 71.85054019166213 0.003137642490457706 23.369924771465353 4.776397394382137
0.6494140625 71.87508998914281 0.0030321334621088293 23.324475399862944 4.797402477532221
0.65185546875 71.89945337614026 0.0029301522104986243 23.2791096497012 4.818506821948124
0.654296875 71.9236300119293 0.0028315811628810755 23.233827527018562 4.839710879889339
0.65673828125 71.94761955613885 0.0027363066614703745 23.18862903220247 4.8610151049973025
0.6591796875 71.97142166867677 0.00264421883291507 23.143514160188182 4.882419952302219
0.66162109375 71.99503600965738 0.002555211462137634 23.098482900650907 4.903925878229651
0.6640625 72.01846223933128 0.0024691818703927683 23.053535238191543 4.925533340606855
0.66650390625 72.04170001801761 0.002386030797402721 23.008671152516182 4.947242798668891
0.6689453125 72.06474900603854 0.002305662287432683 22.96389061860962 4.969054713064487
0.67138671875 72.08760886365614 0.0022279835791739495 22.91919360690307 4.990969545861688
0.673828125 72.11027925101125 0.0021529049993070054 22.874580083436257 5.0129877605532664
0.67626953125 72.13275982806444 0.0020803398596210133 22.830050010014098 5.035109822061918
0.6787109375 72.15505025453912 0.0020102043575703408 22.78560334435814 5.057336196745242
0.68115234375 72.1771501898665 0.001942417480152807 22.741240040252933 5.079667352400493
0.68359375 72.19905929313242 0.0018769009109982063 22.69696004768751 5.102103758269141
0.68603515625 72.22077722302618 0.0018135789405594371 22.652763312992132 5.124645885041206
0.6884765625 72.24230363779093 0.0017523783793021864 22.608649778970452 5.147294204859393
0.69091796875 72.26363819517597 0.001693228473792636 22.564619385027278 5.170049191323029
0.693359375 72.28478055239066 0.0016360608255860409 22.52067206729204 5.1929113194917935
0.69580078125 72.30573036605986 0.0015808093128223085 22.476807758738133 5.215881065889255
0.6982421875 72.32648729218114 0.0015274100144378672 22.43302638929828 5.238958908506212
0.70068359375 72.34705098608332 0.001475801136906171 22.389327885976012 5.2621453268038385
0.703125 72.36742110238657 0.0014259229434221382 22.34571217295343 5.28544080171665
0.70556640625 72.387597294964 0.001377717685448676 22.302179171695368 5.308845815655268
0.7080078125 72.40757921690448 0.0013311295365461976 22.258728801050047 5.332360852509007
0.71044921875 72.42736652047701 0.0012861045284086987 22.215360977346382 5.355986397648279
0.712890625 72.44695885709622 0.0012425904890325376 22.172075614488023 5.379722937926811
0.71533203125 72.46635587728923 0.0012005369829465433 22.12887262404423 5.403570961683683
0.7177734375 72.48555723066373 0.0011598952534344778 22.085751915337738 5.427530958745193
0.72021484375 72.50456256587722 0.001120618166683203 22.04271339552965 5.451603420426543
0.72265625 72.52337153060746 0.0010826601577921349 21.999756969701497 5.475788839533344
0.72509765625 72.541983771524 0.0010459771785817445 21.95688254093455 5.500087710362957
0.7275390625 72.56039893426082 0.001010526647140946 21.914090010386477 5.524500528705656
0.72998046875 72.57861666339001 0.0009762673990552414 21.87137927736541 5.549027791845622
0.732421875 72.59663660239652 0.0009431596402594419 21.828750239401554 5.573669998561765
0.73486328125 72.61445839365386 0.0009111649014606714 21.786202792316388 5.598427649128381
0.7373046875 72.63208167840084 0.0008802459940791841 21.74373683028953 5.62330124531564
0.73974609375 72.64950609671915 0.0008503669676562862 21.70135224592338 5.648291290389905
0.7421875 72.66673128751195 0.0008214930686803587 21.659048930305573 5.673398289113891
0.74462890625 72.6837568884833 0.0007935907007836158 21.616826773069356 5.698622747746653
0.7470703125 72.70058253611849 0.0007666273862638317 21.574685662451923 5.723965174043419
0.74951171875 72.71720786566516 0.0007405717288867953 21.532625485350792 5.749426077255251
0.751953125 72.73363251111532 0.0007153933779267422 21.490646127378298 5.775005968128545
0.75439453125 72.74985610518806 0.0006910629934034443 21.44874747291425 5.800705358904375
0.7568359375 72.76587827931313 0.0006675522124760225 21.406929405156802 5.826524763317676
0.75927734375 72.78169866361523 0.0006448336169548883 21.36519180617164 5.852464696596254
0.76171875 72.79731688689903 0.0006228807018945118 21.323534556939503 5.8785256754596515
0.76416015625 72.8127325766349 0.0006016678452309647 21.281957537402093 5.904708218117844
0.7666015625 72.8279453589454 0.0005811702784293929 21.240460626506458 5.931012844269782
0.76904296875 72.84295485859232 0.0005613640581077436 21.199043702247867 5.9574400751017675
0.771484375 72.85776069896453 0.0005422260386041952 21.15770664171125 5.983990433285679
0.77392578125 72.87236250206634 0.0005237338454568324 21.116449321111237 6.010664442977033
0.7763671875 72.88675988850657 0.000505865849765159 21.07527161583084 6.037462629812891
0.77880859375 72.90095247748822 0.000488601143404059 21.03417340045884 6.064385520909604
0.78125 72.91493988679869 0.0004719195150618016 20.993154548825917 6.0914336448604
0.78369140625 72.92872173280064 0.00045580142707463497 20.952214934039535 6.118607531732814
0.7861328125 72.94229763042338 0.0004402279930314305 20.911354428517683 6.145907713065963
0.78857421875 72.95566719315484 0.00042518095612272954 20.87057290402144 6.173334721867654
0.791015625 72.96883003303404 0.0004106426682094006 20.82987023168647 6.200889092611344
0.79345703125 72.98178576064412 0.0003965960695869434 20.789246282053426 6.228571361232932
0.7958984375 72.99453398510589 0.00038302466942227866 20.748700925097346 6.256382065127402
0.79833984375 73.00707431407189 0.00036991252684063505 20.708234030256033 6.284321743145296
0.80078125 73.0194063537209 0.0003572442326408934 20.667845466457486 6.312390935589038
0.80322265625 73.03152970875296 0.0003450048916184715 20.627535102146396 6.340590184209093
0.8056640625 73.04344398238487 0.0003331801054755304 20.587302805309744 6.368920032199968
0.80810546875 73.05514877634619 0.0003217559562989599 20.547148443501527 6.397381024196052
0.810546875 73.06664369087554 0.00031071899058725147 20.50707188386664 6.425973706267296
0.81298828125 73.07792832471756 0.00030005620380799965 20.46707299316396 6.454698625914735
0.8154296875 73.08900227512012 0.0002897550254683803 20.427151637788626 6.4835563320658425
0.81787109375 73.09986513783208 0.0002798033046815447 20.387307683793562 6.512547375069729
0.8203125 73.11051650710138 0.00027018929621243733 20.34754099691029 6.541672306692176
0.82275390625 73.12095597567357 0.00026090164698709456 20.307851442568992 6.570931680110508
0.8251953125 73.13118313479079 0.00025192938305001463 20.26823888591792 6.6003260499083
0.82763671875 73.14119757419105 0.00024326189695470204 20.228703191842133 6.629855972069921
0.830078125 73.15099888210798 0.00023488893557298672 20.189244224981582 6.659522003974916
0.83251953125 73.16058664527094 0.00022680058830919854 20.149861849748586 6.689324704392222
0.8349609375 73.16996044890544 0.00021898727570574114 20.110555930344702 6.7192646334742125
0.83740234375 73.17911987673402 0.00021143973842705828 20.07132633077703 6.749342352750585
0.83984375 73.18806451097745 0.00020414902660941862 20.032172914873932 6.779558425122073
0.84228515625 73.19679393235627 0.0001971064895643643 19.993095546300236 6.809913414854
0.8447265625 73.20530772009269 0.00019030376582407328 19.9540940885719 6.840407887569652
0.84716796875 73.21360545191288 0.00018373277351727723 19.915168405070176 6.8710424102434935
0.849609375 73.22168670404952 0.00017738570106475414 19.876318359055283 6.9018175511942035
0.85205078125 73.22955105124473 0.00017125499818378156 19.837543813679606 6.932733880077548
0.8544921875 73.23719806675335 0.00016533336719128891 19.79884463200044 6.963791967879078
0.85693359375 73.24462732234652 0.0001596137545957894 19.760220676992287 6.994992386906651
0.859375 73.25183838831555 0.00015408934296850185 19.721671811558746 7.026335710782788
0.86181640625 73.25883083347617 0.00014875354308439227 19.683197898543956 7.057822514436848
0.8642578125 73.26560422517304 0.00014359998632417322 19.644798800743658 7.089453374097032
0.86669921875 73.27215812928462 0.00013862251732859725 19.606474380915884 7.121228867282211
0.869140625 73.27849211022833 0.00013381518689666892 19.568224501791253 7.1531495727935726
0.87158203125 73.28460573096594 0.00012917224511967837 19.530049026082903 7.185216070706097
0.8740234375 73.29049855300937 0.00012468813474322902 19.4919478164961 7.217428942359846
0.87646484375 73.29617013642675 0.0001203574847496918 19.45392073573748 7.249788770351083
0.87890625 73.30162003984873 0.00011617510415377032 19.415967646523985 7.282296138523199
0.88134765625 73.30684782047511 0.00011213597600410433 19.37808841159148 7.314951631957467
0.8837890625 73.3118530340818 0.0001082352515840742 19.340282893703062 7.347755836963611
0.88623046875 73.316635235028 0.00010446824480519596 19.302550955657065 7.38070934107019
0.888671875 73.32119397626367 0.0001008304267867167 19.26489246029481 7.413812733014799
0.89111328125 73.32552880933731 9.73174206152318e-05 19.22730727050805 7.447066602734082
0.8935546875 73.32963928440407 9.392499627835153e-05 19.18979524924616 7.480471541353559
0.89599609375 73.33352495023395 9.0649065766642e-05 19.152356259523078 7.514028141177269
0.8984375 73.33718535422054 8.748567833825839e-05 19.114990164423975 7.547736995677217
0.90087890625 73.34062004238977 8.443101594087272e-05 19.07769682711172 7.581598699482636
0.9033203125 73.34382855940916 8.14813887856785e-05 19.04047611083307 7.615613848369057
0.90576171875 73.34681044859714 7.863323106842728e-05 19.003327878924676 7.649783039247188
0.908203125 73.34956525193279 7.588309683262016e-05 18.96625199481885 7.684106870151592
0.91064453125 73.35209251006579 7.322765597013864e-05 18.929248322049126 7.718585940229185
0.9130859375 73.35439176232659 7.066369035475632e-05 18.892316724255608 7.753220849727523
0.91552734375 73.35646254673692 6.818809010412389e-05 18.855457065190144 7.788012199982903
0.91796875 73.35830440002054 6.579784996596612e-05 18.818669208721303 7.822960593408264
0.92041015625 73.35991685761421 6.349006582437139e-05 18.781953018839157 7.858066633480883
0.9228515625 73.36129945367898 6.126193132219046e-05 18.745308359659898 7.89333092472988
0.92529296875 73.3624517211117 5.911073459569378e-05 18.708735095430278 7.928754072723515
0.927734375 73.36337319155679 5.703385511776404e-05 18.672233090531886 7.964336684056286
0.93017578125 73.36406339541834 5.5028760646024644e-05 18.635802209485277 8.000079366335822
0.9326171875 73.36452186187233 5.309300427242363e-05 18.599442316953915 8.035982728169571
0.93505859375 73.36474811887923 5.122422157090849e-05 18.563153277748004 8.072047379151286
0.9375 73.36474169319682 4.9420127839938645e-05 18.526934956828146 8.108273929847295
0.93994140625 73.3645021103932 4.767851543669038e-05 18.490787219308885 8.144662991782573
0.9423828125 73.36402889486021 4.5997251199913186e-05 18.454709930462084 8.181215177426598
0.94482421875 73.36332156982694 4.437427395849754e-05 18.418702955720203 8.217931100179
0.947265625 73.36237965737355 4.2807592122911357e-05 18.382766160679434 8.254811374354993
0.94970703125 73.36120267844542 4.1295281356756805e-05 18.346899411102726 8.291856615170603
0.9521484375 73.35979015286745 3.9835482325790236e-05 18.311102572922668 8.329067438727673
0.95458984375 73.35814159935865 3.8426398521836e-05 18.275375512244292 8.366444461998652
0.95703125 73.35625653554703 3.706629415911021e-05 18.239718095347744 8.403988302811182
0.95947265625 73.35413447798467 3.5753492140552724e-05 18.204130188690854 8.441699579832445
0.9619140625 73.3517749421631 3.448637209184534e-05 18.168611658911605 8.47957891255331
0.96435546875 73.3491774425289 3.326336846087107e-05 18.133162372830498 8.51762692127225
0.966796875 73.34634149249956 3.208296868044381e-05 18.097782197452826 8.555844227079039
0.96923828125 73.34326660447962 3.0943711392209645e-05 18.062470999970863 8.594231451838231
0.9716796875 73.33995228987703 2.9844184729690587e-05 18.02722864776594 8.63278921817241
0.97412109375 73.33639805911977 2.8783024658508768e-05 17.99205500841047 8.671518149445214
0.9765625 73.33260342167276 2.775891337189416e-05 17.95694994966985 8.710418869744139
0.97900390625 73.32856788605497 2.6770577739641703e-05 17.9219133395043 8.74949200386311
0.9814453125 73.32429095985682 2.5816787808744504e-05 17.88694504607065 8.788738177284834
0.98388671875 73.31977214975785 2.4896355353988548e-05 17.852044937724003 8.828158016162904
0.986328125 73.3150109615446 2.4008132476851152e-05 17.817212883019355 8.867752147303689
0.98876953125 73.31000690012874 2.3151010251100288e-05 17.782448750713144 8.907521198147986
0.9912109375 73.30475946956554 2.232391741354505e-05 17.747752409764725 8.947465796752441
0.99365234375 73.29926817307252 2.152581909843885e-05 17.713123729337774 8.98758657177073
0.99609375 73.29353251304835 2.0755715614086557e-05 17.678562578801643 9.027884152434515
0.99853515625 73.28755199109207 2.001264126025482e-05 17.64406882773264 9.06835916853415
1.0009765625 73.28132610802253 1.92956631850312e-05 17.609642345915255 9.109012250399157
1.00341796875 73.27485436389804 1.8603880279822564e-05 17.575283003343333 9.149844028878467
1.005859375 73.26813625803642 1.793642211122664e-05 17.540990670221184 9.190855135320414
1.00830078125 73.2611712890351 1.7292447888552557e-05 17.506765216964645 9.232046201552485
1.0107421875 73.25395895479173 1.6671145465806633e-05 17.47260651420209 9.27341785986084
1.01318359375 73.24649875252477 1.6071730376999104e-05 17.438514432775392 9.31497074296958
1.015625 73.23879017879463 1.549344490366514e-05 17.40448884374082 9.356705484019763
1.01806640625 73.23083272952483 1.4935557173530361e-05 17.370529618369915 9.398622716548193
1.0205078125 73.22262590002356 1.4397360289286359e-05 17.336636628150313 9.440723074465952
1.02294921875 73.21416918500543 1.3878171486476071e-05 17.30280974478651 9.483007192036677
1.025390625 73.20546207861358 1.337733131952197e-05 17.269048840200607 9.525475703854603
1.02783203125 73.1965040744419 1.2894202874962029e-05 17.235353786532986 9.568129244822346
1.0302734375 73.18729466555767 1.2428171010989451e-05 17.201724456142987 9.61096845012844
1.03271484375 73.17783334452436 1.1978641622422047e-05 17.16816072160951 9.653993955224612
1.03515625 73.16811960342474 1.1545040930256145e-05 17.134662455731604 9.697206395802827
1.03759765625 73.15815293388425 1.112681479498786e-05 17.101229531529 9.740606407772049
1.0400390625 73.14793282709464 1.0723428052911674e-05 17.067861822242634 9.784194627234772
1.04248046875 73.13745877383782 1.0334363874632426e-05 17.034559201335117 9.82797169046328
1.044921875 73.1267302645101 9.959123145052097e-06 17.001321542491194 9.871938233875651
1.04736328125 73.11574678914656 9.597223864117298e-06 16.968148719618146 9.916094894011522
1.0498046875 73.10450783744578 9.248200567636969e-06 16.93504060684618 9.960442307507565
1.05224609375 73.09301289879481 8.911603767502721e-06 16.901997078528794 10.004981111072722
1.0546875 73.0812614622944 8.586999410666345e-06 16.8690180092431 10.04971194146318
1.05712890625 73.06925301678453 8.273968356250406e-06 16.836103273790126 10.094635435457077
1.0595703125 73.05698705087016 7.972105870188526e-06 16.803252747195106 10.13975222982895
1.06201171875 73.04446305294732 7.681021136811944e-06 16.77046630470772 10.185062961323917
1.064453125 73.03168051122938 7.400336786818291e-06 16.737743821802333 10.230568266631591
1.06689453125 73.01863891377371 7.129688441077181e-06 16.70508517417819 10.276268782359747
1.0693359375 73.00533774850851 6.868724269745346e-06 16.672490237759618 10.322165145007693
1.07177734375 72.99177650325996 6.617104566181455e-06 16.639958888696167 10.368257990939405
1.07421875 72.97795466577962 6.3745013351677235e-06 16.60749100336277 10.41454795635637
1.07666015625 72.96387172377216 6.140597894961693e-06 16.575086458359856 10.461035677270184
1.0791015625 72.9495271649233 5.915088492717424e-06 16.54274513051345 10.507721789474852
1.08154296875 72.93492047692804 5.69767793283057e-06 16.51046689687526 10.554606928518847
1.083984375 72.92005114751923 5.4880812177766004e-06 16.478251634722753 10.601691729676885
1.08642578125 72.90491866449628 5.28602320102572e-06 16.446099221559187 10.648976827921421
1.0888671875 72.8895225157543 5.091238251631826e-06 16.41400953511365 10.696462857893893
1.09130859375 72.87386218931341 4.903469930106221e-06 16.381982453341074 10.744150453875674
1.09375 72.85793717334842 4.722470675199687e-06 16.350017854422237 10.792040249758765
1.09619140625 72.84174695621864 4.548001501229032e-06 16.31811561676375 10.840132879016206
1.0986328125 72.82529102649815 4.37983170559628e-06 16.286275618998026 10.888428974672218
1.10107421875 72.80856887300622 4.21773858616034e-06 16.254497739983226 10.936929169272064
1.103515625 72.79157998483807 4.061507168132299e-06 16.22278185880322 10.98563409485164
