0.0 74.0 25.0 0.0 1.0
0.001220703125 73.77430540490556 24.610531386804496 0.6052901115449297 1.0098730967450087
0.00244140625 73.55333606409886 24.226396866730635 1.200550723921852 1.0197163452486508
0.003662109375 73.33699987603202 23.847550097613233 1.785921225940358 1.0295288004143848
0.0048828125 73.12520663425873 23.473944080397306 2.361539731378019 1.0393095539659367
0.006103515625 72.91786798694699 23.10553121407682 2.927543064870117 1.049057734106068
0.00732421875 72.7148973971946 22.742263348528187 3.4840667491279635 1.0587725051492418
0.008544921875 72.51621010413923 22.384091835297145 4.0312449934338535 1.06845306712976
0.009765625 72.32172308485426 22.03096757639665 4.5692106833621695 1.0780986553869105
0.010986328125 72.13135501702112 21.682841071172636 5.0980953716776 1.0877085401286337
0.01220703125 71.94502624236854 21.33966246129341 5.618029270362859 1.097282025975184
0.013427734375 71.76265873086844 21.001381573917637 6.129141243729691 1.1068184514842279
0.0146484375 71.58417604567822 20.66794796309469 6.631558802568309 1.1163171886587804
0.015869140625 71.40950330881853 20.339310949450343 7.125408099291773 1.1257776424393515
0.01708984375 71.23856716757568 20.01541965820955 7.610813924033132 1.1351992501816277
0.018310546875 71.07129576161742 19.696223055607163 8.08789970165443 1.1445814811209816
0.01953125 70.90761869081064 19.381669983736323 8.556787489627977 1.1539238358250596
0.020751953125 70.74746698372964 19.07170919388321 9.01759797675149 1.1632258456356583
0.02197265625 70.5907730668432 18.76628937839579 9.470450482659945 1.1724870721010594
0.023193359375 70.43747073436873 18.46535920113315 9.915462958098155 1.1817071063999531
0.0244140625 70.28749511878178 18.168867326540912 10.352751985919257 1.19088556875804
0.025634765625 70.14078266196903 17.876762447397187 10.782432782775414 1.200022107858356
0.02685546875 69.997271087013 17.5889933112725 11.204619201468152 1.2091164002463322
0.028076171875 69.85689937059664 17.305508745745996 11.619423733926807 1.218168149730553
0.029296875 69.7196077160159 17.026257682419295 12.026957514784659 1.22717708678014
0.030517578125 69.58533752678882 16.751189179768243 12.42733032552329 1.2361429679196492
0.03173828125 69.45403138084907 16.480252444871855 12.82065059915675 1.2450655751223279
0.032958984375 69.3256330053127 16.21339685405669 13.207025425428082 1.2539447152025398
0.0341796875 69.20008725180627 15.950571972493933 13.586560556491678 1.2627802192081286
0.035400390625 69.07734007234522 15.691727572785434 13.959360413055894 1.271571941813452
0.03662109375 68.95733849575095 15.43681365257405 14.325528090961225 1.2803197607137808
0.037841796875 68.84003060459543 15.1857804512126 14.68516536817025 1.2890235760217248
0.0390625 68.7253655126625 14.93857846552485 15.038372712146348 1.2976833096663027
0.040283203125 68.61329334291464 14.69515846469104 15.385249287599075 1.306298904795252
0.04150390625 68.50376520595455 14.45547150428947 15.725892964574859 1.3148703251811271
0.042724609375 68.39673317897098 14.219468939524862 16.060400326872454 1.3233975546317107
0.0439453125 68.29215028515813 13.987102437673284 16.388866680763368 1.3318805964052265
0.045166015625 68.18997047359845 13.758323989772572 16.71138606399818 1.34031947263081
0.04638671875 68.09014859959856 13.533085921586341 17.028051255080445 1.3487142237346672
0.047607421875 67.99264040546835 13.311340903868865 17.338953782790483 1.3570649078723165
0.048828125 67.89740250173335 13.093041961957269 17.644183935942106 1.3653716003672849
0.050048828125 67.80439234877078 12.878142484716703 17.94383077335594 1.3736343931565995
0.05126953125 67.71356823885957 12.666596232863387 18.237982134033672 1.381853394243389
0.052490234375 67.62488927863538 12.458357346689668 18.52672464751808 1.3900287271568856
0.0537109375 67.53831537194102 12.253380353214455 18.810143744424447 1.398160530420089
0.054931640625 67.45380720306358 12.051620172781725 19.088323667129373 1.4062489570253374
0.05615234375 67.3713262203493 11.853032125129047 19.361347480603666 1.4142941739179973
0.057373046875 67.29083462018764 11.657571934947406 19.6292970833765 1.4222963614884732
0.05859375 67.21229533135588 11.465195736952893 19.892253218618535 1.4302557130727072
0.059814453125 67.13567199971618 11.275860080490252 20.150295485332247 1.4381724344613243
0.06103515625 67.06092897325678 11.089521933687543 20.403502349638128 1.4460467434175581
0.062255859375 66.98803128746934 10.906138687180611 20.65195115614599 1.4538788692040725
0.0634765625 66.91694465105482 10.725668157425446 20.895718139400973 1.4616690521187772
0.064697265625 66.84763543195004 10.548068589615886 21.13487843539437 1.46941754303972
0.06591796875 66.78007064366754 10.373298660223586 21.36950609312977 1.47712460297912
0.067138671875 66.7142179319414 10.20131747917658 21.59967408623544 1.484790502646592
0.068359375 66.65004556167187 10.03208459169224 21.8254543246143 1.4924155220215989
0.069580078125 66.58752240416179 9.865559979779874 22.04691766612319 1.499999949935153
0.07080078125 66.52661792463796 9.70170406342776 22.264133928273505 1.5075440836607763
0.072021484375 66.4673021700508 9.540477701488784 22.477171899945702 1.5150482285147144
0.0732421875 66.40954575714568 9.381842192278517 22.686099353110414 1.5225126974653924
0.074462890625 66.35331986079959 9.225759273898953 22.890983054549373 1.5299378107520847
0.07568359375 66.29859620261692 9.072191124300767 23.09188877756955 1.5373238955127633
0.076904296875 66.24534703977814 8.921100361096439 23.288881313704344 1.5446712854210798
0.078125 66.19354515413552 8.77245004113621 23.48202448439584 1.551980320332425
0.079345703125 66.14316384155006 8.626203659858358 23.671381152652565 1.5592513459390052
0.08056640625 66.09417690146384 8.482325150424924 23.857013234677364 1.5664847134338626
0.081787109375 66.04655862670234 8.340778882653575 24.03898171146032 1.5736807791837624
0.0830078125 66.00028379350125 8.201529661755961 24.21734664033191 1.5808399044108616
0.084228515625 65.95532765175258 8.064542726892466 24.392167166471864 1.5879624548830693
0.08544921875 65.91166591546465 7.9297837495529855 24.56350153436934 1.595048800612999
0.086669921875 65.86927475343121 7.797218831772945 24.7314070992304 1.602099315565414
0.087890625 65.82813078010457 7.666814504193443 24.895940338328895 1.6091143773730565
0.089111328125 65.788211046668 7.5385377239741045 25.057156862297113 1.6160943670607495
0.09033203125 65.74949303230268 7.412355872566866 25.215111426352763 1.6230396687776563
0.091552734375 65.71195463564469 7.288236753358635 25.369857941459067 1.6299506695375778
0.0927734375 65.67557416642744 7.16614858919046 25.521449485414905 1.6368277589671665
0.093994140625 65.64033033730534 7.046060019760531 25.669938313872173 1.6436713290619291
0.09521484375 65.60620225585433 6.9279400989180955 25.81537587127766 1.6504817739498943
0.096435546875 65.57316941674516 6.811758291855057 25.957812801736956 1.65725948966281
0.09765625 65.54121169408542 6.69748447220178 26.097298959798046 1.664004873914744
0.098876953125 65.51030933392627 6.585088919033376 26.233883421152388 1.6707183258879488
0.10009765625 65.48044294693015 6.474542313792478 26.36761449325149 1.6774002460258604
0.101318359375 65.45159350119556 6.365815737134288 26.49853972583705 1.6840510358330902
0.1025390625 65.42374231523533 6.258880665699449 26.626705921382936 1.690671097682278
0.103759765625 65.39687105110485 6.153708968820053 26.75215914544743 1.6972608346276645
0.10498046875 65.37096170767666 6.050272905163909 26.874944736934182 1.7038206502252469
0.106201171875 65.34599661405807 5.948545119321955 26.99510731826059 1.7103509483593797
0.107421875 65.32195842314847 5.8484986383435205 27.11269080543232 1.7168521330756819
0.108642578125 65.2988301053331 5.750106868223931 27.227738418022852 1.7233246084201124
0.10986328125 65.27659494231008 5.6533435903487765 27.34029268905705 1.7297687782840776
0.111083984375 65.25523652104776 5.558182957898968 27.450395474797826 1.7361850462554314
0.1123046875 65.23473872786914 5.4645994922205325 27.558087964435074 1.7425738154752326
0.113525390625 65.2150857426607 5.372568079162942 27.663410689676205 1.7489354885001256
0.11474609375 65.19626203320261 5.28206396538958 27.766403534237575 1.7552704671702062
0.115966796875 65.17825234961755 5.193062754663819 27.86710574323636 1.7615791524822415
0.1171875 65.16104171893552 5.105540404114013 27.965555932482328 1.7678619444681105
0.118408203125 65.14461543977185 5.019473220480565 28.06179209766922 1.7741192420783347
0.11962890625 65.12895907711598 4.934837856348085 28.155851623465335 1.7803514430705678
0.120849609375 65.11405845722832 4.851611306365522 28.24777129250321 1.786558943902917
0.1220703125 65.09989966264287 4.769770903457024 28.33758729426811 1.7927421396319687
0.123291015625 65.0864690272731 4.68929431502613 28.42533523388535 1.7989014238153933
0.12451171875 65.07375313161886 4.6101595391558075 28.511050140806297 1.8050371884190057
0.125732421875 65.0617387980719 4.532344900806708 28.594766477393197 1.8111498237281598
0.126953125 65.05041308631789 4.455829048015901 28.676518147402817 1.8172397182633555
0.128173828125 65.03976328883269 4.380590948098248 28.756338504369083 1.8233072586999426
0.12939453125 65.0297769264708 4.3066098838524525 28.834260359884908 1.8293528297918018
0.130615234375 65.02044174414391 4.233865449773749 28.910315991783417 1.8353768142988922
0.1318359375 65.01174570658749 4.162337548275056 28.98453715221887 1.8413795929185488
0.133056640625 65.00367699421356 4.092006385918368 29.056955075647615 1.8473615442204228
0.13427734375 64.99622399904757 4.022852469658024 29.127600486709426 1.8533230445849531
0.135498046875 64.98937532074764 3.9548566030974484 29.19650360800963 1.859264468145266
0.13671875 64.98311976270428 3.887999882760833 29.26369416780248 1.8651861867323936
0.137939453125 64.97744632821882 3.822263694381181 29.329201407576267 1.8710885698237139
0.13916015625 64.97234421675883 3.7576297092060336 29.393054089540612 1.8769719844945079
0.140380859375 64.96780282028872 3.694079880322138 29.455280504016585 1.8828367953725367
0.1416015625 64.96381171967408 3.631596439000236 29.51590847673012 1.8886833645955423
0.142822265625 64.9603606811579 3.5701618910610855 29.574965376009423 1.894512051771578
0.14404296875 64.95743965290725 3.5097590132637597 29.632478119886894 1.9003232139420752
0.145263671875 64.95503876162891 3.450370849717207 29.68847318310631 1.906117205547556
0.146484375 64.95314830925223 3.391980708315992 29.742976604035867 1.9118943783959053
0.147705078125 64.95175876967798 3.3345721572010705 29.796013991487822 1.917655081633114
0.14892578125 64.95086078559174 3.278129021246417 29.847610531445415 1.9233996617164089
0.150146484375 64.95044516534024 3.222635378572238 29.897790993697818 1.9291284623896894
0.1513671875 64.95050287986946 3.1680755570854795 29.946579738383857 1.9348418246611878
0.152587890625 64.95102505972316 3.114434131048273 29.994000722445268 1.9405400867832758
0.15380859375 64.95200299210047 3.0616959176749146 30.040077505990254 1.9462235842343418
0.155029296875 64.95342811797123 3.0098459737579377 30.084833258568153 1.9518926497026625
0.15625 64.95529202924799 2.9588695923237838 30.128290765356017 1.9575476130721972
0.157470703125 64.95758646601332 2.9087522993185373 30.17047243325789 1.9631888014102334
0.15869140625 64.96030331380138 2.859479850324155 30.21140029691764 1.9688165389568157
0.159912109375 64.96343460093236 2.8110382273055725 30.25109602464617 1.9744311471158889
0.1611328125 64.966972495899 2.763413635389045 30.289580924263852 1.9800329444480909
0.162353515625 64.97090930480383 2.716592499672028 30.326875948859 1.9856222466651325
0.16357421875 64.9752374688461 2.670561462064891 30.363001702463297 1.9911993666257002
0.164794921875 64.97994956185748 2.625307378164701 30.39797844564498 1.996764614332823
0.166015625 64.98503828788535 2.5808173141613047 30.431826101020693 2.0023182969326445
0.167236328125 64.99049647882272 2.537078543775888 30.464564258686835 2.0078607187145416
0.16845703125 64.99631709208394 2.494078545232182 30.496212181571323 2.013392181112538
0.169677734375 65.00249320832498 2.4518049982604415 30.526788810706606 2.0189129827079544
0.1708984375 65.0090180292076 2.4102457811343077 30.556312770424825 2.0244234192332464
0.172119140625 65.01588487520635 2.3693889677406372 30.584802373476005 2.0299237835769777
0.17333984375 65.02308718345759 2.3292228246823576 30.612275626070144 2.035414365789878
0.174560546875 65.03061850564954 2.2897358084143846 30.638750232844092 2.0408954530919443
0.17578125 65.03847250595273 2.2509165624126224 30.664243601754094 2.0463673298805265
0.177001953125 65.04664295898968 2.2127539143760386 30.68877284889488 2.0518302777393687
0.17822265625 65.05512374784345 2.175236873461795 30.71235480324618 2.0572845754485485
0.179443359375 65.06390886210379 2.138354627553389 30.735006011347522 2.062730498995279
0.1806640625 65.07299239595044 2.1020965405617527 30.756742741902254 2.068168321585532
0.181884765625 65.08236854627275 2.066452149759231 30.777580990311552 2.0735983136564395
0.18310546875 65.09203161082478 2.031411163146352 30.797536483139396 2.0790207428894405
0.184326171875 65.10197598641525 1.9969634568512817 30.816624682509303 2.0844358742241296
0.185546875 65.11219616713161 1.9630990725618507 30.834860790433723 2.0898439698727773
0.186767578125 65.12268674259755 1.9298082149900118 30.852259753076922 2.0952452893354816
0.18798828125 65.13344239626319 1.897081249368595 30.868836264952254 2.100640089415922
0.189208984375 65.14445790372747 1.8649086989801962 30.884604773054612 2.10602862423768
0.1904296875 65.15572813109186 1.8332812427180383 30.89957948092896 2.1114111452610955
0.191650390625 65.16724803334495 1.8021897126786233 30.913774352675755 2.11678790130063
0.19287109375 65.17901265277716 1.771625091785993 30.92720311689409 2.122159138542706
0.194091796875 65.19101711742513 1.7415785114473985 30.93987927056342 2.127525100563992
0.1953125 65.203256639545 1.7120412492401758 30.95181608286465 2.13288602835011
0.196533203125 65.21572651411415 1.6830047266296149 30.963026598941443 2.1382421603147357
0.19775390625 65.22842211736074 1.6544605067176021 30.97352364360254 2.1435937323190672
0.198974609375 65.2413389053206 1.6264002920218081 30.9833198249659 2.148940977691637
0.2001953125 65.25447241242085 1.5988159222851872 30.99242753804546 2.1542841272484434
0.201416015625 65.2678182500897 1.5716993723155508 31.000858968281317 2.1596234093133786
0.20263671875 65.28137210539197 1.5450427498549657 31.008626095014087 2.1649590497389313
0.203857421875 65.2951297396898 1.518838293478731 31.015740694904274 2.170291271927143
0.205078125 65.30908698732812 1.4930783705236739 31.022214345297364 2.1756202968507967
0.206298828125 65.32323975434417 1.4677554750455073 31.028058427535452 2.1809463430748166
0.20751953125 65.33758401720095 1.4428622258049855 31.03328413021614 2.1862696267778645
0.208740234375 65.35211582154379 1.4183913642825874 31.037902452399447 2.1915903617741104
0.2099609375 65.3668312809798 1.3943357527214608 31.041924206763518 2.1969087595351597
0.211181640625 65.38172657587965 1.3706883721983496 31.0453600227098 2.2022250292121237
0.21240234375 65.3967979522014 1.34744232072223 31.048220349418493 2.2075393776578123
0.213623046875 65.41204172033561 1.3245908113603755 31.050515458854914 2.212852009449037
0.21484375 65.42745425397179 1.302127170391571 31.052255448727568 2.218163126909008
0.216064453125 65.44303198898535 1.2800448354861902 31.053450245398576 2.2234729301298093
0.21728515625 65.45877142234495 1.258337353912854 31.054109606747176 2.228781616994942
0.218505859375 65.47466911103963 1.236998380771384 31.054243124986996 2.234089383201917
0.2197265625 65.49072167102551 1.2160216772517634 31.05386022943777 2.2393964222848886
0.220947265625 65.50692577619161 1.1954011089188161 31.052970189252186 2.244702925637317
0.22216796875 65.52327815734445 1.1751306440223188 31.05158211609851 2.250009082534645
0.223388671875 65.53977560121102 1.155204351832253 31.04970496679968 2.2553150801569766
0.224609375 65.55641494945976 1.1356164009989114 31.047347545929497 2.2606211036117565
0.225830078125 65.57319309773938 1.1163610579375658 31.044518508366554 2.2659273359564263
0.22705078125 65.59010699473488 1.0974326852374108 31.04122636180658 2.271233958221058
0.228271484375 65.60715364124073 1.0788257400944903 31.037479469233766 2.276541149430952
0.2294921875 65.62433008925068 1.0605347727683214 31.03328605135175 2.281849086629188
0.230712890625 65.64163344106403 1.0425544250619272 31.028654188974855 2.2871579448991275
0.23193359375 65.65906084840793 1.0248794288249878 31.023591825380166 2.2924678973868504
0.233154296875 65.67660951157549 1.0075046044798286 31.018106768621085 2.2977791153235265
0.234375 65.69427667857934 0.9904248595699549 31.012206693802927 2.3030917680477097
0.235595703125 65.71205964432039 0.9736351873308516 31.005899145321138 2.3084060230275476
0.23681640625 65.72995574977152 0.9571306652827648 30.999191539062743 2.313722045882904
0.238037109375 65.74796238117582 0.94090645384518 30.992091164571548 2.3190400004073837
0.2392578125 65.76607696925926 0.9249577949727211 30.9846051871777 2.3243600485902554
0.240478515625 65.78429698845736 0.9092800108121876 30.97674065009213 2.329682350638267
0.24169921875 65.80261995615571 0.8938685023804533 30.968504476466432 2.335007064997348
0.242919921875 65.82104343194406 0.8787187482629528 30.959903471418738 2.3403343483741934
0.244140625 65.83956501688367 0.863826303332478 30.95094432402608 2.345664355757725
0.245361328125 65.85818235278771 0.8491867974880161 30.941633609283805 2.3509972404404245
0.24658203125 65.87689312151451 0.8347959344133565 30.93197779003255 2.356333154039536
0.247802734375 65.89569504427337 0.8206494903551999 30.92198321885326 2.3616722465181312
0.2490234375 65.91458588094264 0.8067433129205005 30.911656139930788 2.367014666206036
0.250244140625 65.9335634294 0.7930733198927817 30.901002690886568 2.372360559820613
0.25146484375 65.95262552486457 0.7796354980671583 30.89002890458083 2.3777100724874
0.252685546875 65.9717700392507 0.7664259021038082 30.87874071088486 2.3830633477605954
0.25390625 65.99099488053317 0.7534406533996363 30.867143938423766 2.3884205276433934
0.255126953125 66.01029799212367 0.7406759389778723 30.85524431629025 2.393781752608165
0.25634765625 66.02967735225832 0.7281280103953526 30.8430474757298 2.3991471616164772
0.257568359375 66.04913097339595 0.7157931826672332 30.830558951797812 2.4045168921389584
0.2587890625 66.06865690162702 0.7036678332088869 30.817784184989037 2.4098910801749964
0.260009765625 66.08825321609308 0.6917484007947365 30.804728522839856 2.4152698602722746
0.26123046875 66.10791802841626 0.6800313845337836 30.79139722150376 2.420653365546143
0.262451171875 66.12764948213902 0.6685133428615886 30.77779544730052 2.42604172769882
0.263671875 66.14744575217364 0.6571908925484655 30.763928278239412 2.4314350770384277
0.264892578125 66.16730504426144 0.6460607077236545 30.749800705516993 2.436833542497855
0.26611328125 66.1872255944415 0.6351195189152383 30.73541763498975 2.4422372516534496
0.267333984375 66.20720566852872 0.6243641121055715 30.720783888622112 2.4476463307435377
0.2685546875 66.22724356160101 0.6137913278019942 30.705904205910155 2.453060904686771
0.269775390625 66.24733759749559 0.6033980601226034 30.69078324528144 2.4584810971002993
0.27099609375 66.26748612831393 0.5931812558968598 30.67542558547137 2.463907030317767
0.272216796875 66.2876875339356 0.5831379137808058 30.659835726876395 2.469338825407135
0.2734375 66.30794022154039 0.5732650833866811 30.64401809288453 2.474776602188329
0.274658203125 66.32824262513904 0.5635598644267147 30.627977031183473 2.4802204792507054
0.27587890625 66.34859320511195 0.5540194058708832 30.61171681504674 2.4856705739703484
0.277099609375 66.36899044775615 0.5446409051184239 30.59524164459816 2.491127002527185
0.2783203125 66.38943286484002 0.5354216071828932 30.57855564805508 2.4965898799219257
0.279541015625 66.4099189931659 0.5263588038905653 30.561662882950625 2.5020593199928265
0.28076171875 66.43044739414029 0.5174498330919682 30.544567337335387 2.5075354354322776
0.281982421875 66.45101665335152 0.5086920778863553 30.527272930958844 2.513018337803213
0.283203125 66.47162538015482 0.5000829658589148 30.509783516430854 2.518508137555345
0.284423828125 66.49227220726462 0.49161996833052124 30.49210288036357 2.524004944041222
0.28564453125 66.51295579035391 0.48330059961983607 30.47423474449407 2.529508865532114
0.286865234375 66.53367480766062 0.4751224163175652 30.456182766788032 2.535020009233717
0.2880859375 66.55442795960076 0.4670830165726868 30.43795054252479 2.5405384813016925
0.289306640625 66.57521396838843 0.45918003939046276 30.41954160536402 2.5460643868570227
0.29052734375 66.59603157766223 0.4514111639420498 30.400959428394447 2.5515978300012003
0.291748046875 66.61687955211839 0.4437741088855302 30.382207425164772 2.5571389138312433
0.29296875 66.63775667715004 0.4362666316981834 30.363288950697186 2.5626877404545367
0.294189453125 66.65866175849287 0.42888652801982113 30.344207302483742 2.5682444110035063
0.29541015625 66.67959362187696 0.4216316310070139 30.324965721465844 2.573809025650121
0.296630859375 66.70055111268451 0.4144998106980361 30.305567392997176 2.579381683620225
0.2978515625 66.72153309561358 0.40748897338836143 30.286015447790298 2.5849624832077045
0.299072265625 66.7425384543477 0.4005970610165411 30.26631296284723 2.5905515217884845
0.30029296875 66.76356609123104 0.3938220505603011 30.246462962374245 2.596148895834361
0.301513671875 66.7846149269494 0.38716195344269594 30.22646841868118 2.601754700926667
0.302734375 66.80568390021654 0.38061481494815846 30.20633225306547 2.607369031769778
0.303955078125 66.82677196746599 0.37417871364828936 30.186057336681216 2.612991982204448
0.30517578125 66.84787810254822 0.36785176083722954 30.165646491393495 2.61862364522099
0.306396484375 66.86900129643301 0.3616320999764628 30.145102490618175 2.6242641129722926
0.3076171875 66.89014055691689 0.35551790614889794 30.124428060147476 2.6299134767866774
0.308837890625 66.91129490833575 0.349507385522081 30.10362587896152 2.6355718271806
0.31005859375 66.93246339128227 0.34359877482039075 30.082698580026094 2.6412392538711917
0.311279296875 66.95364506232835 0.3377903408060736 30.06164875107687 2.6469158457886466
0.3125 66.97483899375221 0.33208037976897475 30.040478935390293 2.6526016910884533
0.313720703125 66.99604427327026 0.32646721702482506 30.01919163254138 2.6582968771634756
0.31494140625 67.0172600037735 0.32094920642194597 29.997789299148618 2.6640014906558784
0.316162109375 67.03848530306857 0.31552472985623536 29.97627434960624 2.669715617468906
0.3173828125 67.05971930362314 0.31019219679430055 29.954649156804 2.6754393427785073
0.318603515625 67.08096115231578 0.30495004380460583 29.93291605283475 2.681172751044818
0.31982421875 67.10221001019 0.2997967340965043 29.911077329689952 2.686915926023491
0.321044921875 67.12346505221267 0.2947307570670257 29.889135239943382 2.6926689507768864
0.322265625 67.14472546703638 0.28975062785529304 29.86709199742317 2.6984319076851127
0.323486328125 67.16599045676614 0.2848548869044451 29.844949777872436 2.704204878456931
0.32470703125 67.18725923672984 0.2800420995309397 29.822710719598657 2.7099879441405132
0.325927734375 67.20853103525278 0.2753108555011193 29.800376924111994 2.7157811851340634
0.3271484375 67.229805093436 0.2706597686149179 29.77795045675274 2.7215846811963003
0.328369140625 67.25108066493847 0.2660874762965939 29.75543334730809 2.7273985114568013
0.32958984375 67.27235701576296 0.26159263919237163 29.732827590618406 2.7332227544262135
0.330810546875 67.2936334240456 0.25717394077487954 29.710135147173148 2.739057488006329
0.33203125 67.314909179849 0.25283008695427206 29.68735794369666 2.744902789500027
0.333251953125 67.33618358495896 0.24855980569592553 29.66449787372398 2.7507587356210847
0.33447265625 67.35745595268467 0.24436184664459953 29.64155679816682 2.756625402503861
0.335693359375 67.37872560766223 0.24023498075495675 29.61853654586992 2.7625028657128468
0.3369140625 67.39999188566162 0.2361779999283365 29.5954389141579 2.7683912002520916
0.338134765625 67.42125413339696 0.23218971665567814 29.57226566937281 2.774290480574504
0.33935546875 67.44251170833992 0.22826896366649274 29.54901854740251 2.780200780591026
0.340576171875 67.46376397853646 0.22441459358378246 29.525699254200024 2.786122173679686
0.341796875 67.48501032242656 0.22062547858480916 29.502309466294058 2.7920547326945298
0.343017578125 67.5062501286671 0.21690051006761493 29.47885083129081 2.79799852997443
0.34423828125 67.52748279595777 0.21323859832319905 29.45532496836721 2.803953637351778
0.345458984375 67.54870773286987 0.20963867221325705 29.431733468755763 2.809920126161059
0.3466796875 67.56992435767815 0.20609967885338945 29.4080778962211 2.8158980672473084
0.347900390625 67.59113209819537 0.20262058330168892 29.38435978752843 2.821887530974455
0.34912109375 67.61233039160982 0.19920036825261603 29.36058065290397 2.827888587233551
0.350341796875 67.63351868432547 0.19583803373607564 29.336741976487527 2.833901305450889
0.3515625 67.65469643180496 0.19253259682160662 29.312845216777383 2.839925754596009
0.352783203125 67.67586309841522 0.18928309132759966 29.28889180706755 2.8459620031895936
0.35400390625 67.69701815727565 0.18608856753545913 29.26488315587759 2.852010119311259
0.355224609375 67.718161090109 0.18294809190862593 29.24082064737509 2.8580701706072356
0.3564453125 67.73929138709471 0.17986074681638006 29.216705641790927 2.864142224297945
0.357666015625 67.7604085467247 0.17682563026234277 29.192539475827445 2.8702263471854708
0.35888671875 67.78151207566177 0.17384185561759943 29.16832346305967 2.8763226056609295
0.360107421875 67.80260148860019 0.17090855135836555 29.14405889432967 2.882431065711736
0.361328125 67.82367630812888 0.16802486080811954 29.11974703813419 2.888551792928771
0.362548828125 67.84473606459673 0.16518994188412725 29.095389141005658 2.894684852513449
0.36376953125 67.86578029598029 0.16240296684828437 29.070986427886705 2.900830309284687
0.364990234375 67.8868085477537 0.15966312206220407 29.046540102498273 2.9069882276857784
0.3662109375 67.90782037276085 0.1569696077464782 29.022051347701453 2.913158671791168
0.367431640625 67.92881533108964 0.1543216377440421 28.997521325853132 2.9193417053131387
0.36865234375 67.94979298994839 0.15171843928757345 28.972951179155583 2.9255373916083975
0.369873046875 67.97075292354445 0.14915925277085734 28.948342030000067 2.931745793684575
0.37109375 67.99169471296467 0.1466433315240506 28.92369498130459 2.937966974206634
0.372314453125 68.01261794605811 0.1441699415927795 28.899011116845877 2.944200995503183
0.37353515625 68.03352221732055 0.1417383615210061 28.874291501585684 2.9504479195727096
0.374755859375 68.05440712778109 0.1393478821375996 28.84953718199154 2.9567078080897202
0.3759765625 68.0752722848906 0.1369978063465499 28.824749186352 2.962980722410796
0.377197265625 68.09611730241208 0.13468744892076182 28.799928525086543 2.9692667235805636
0.37841796875 68.11694180031286 0.1324161362993696 28.77507619105014 2.975565872337582
0.379638671875 68.13774540465863 0.13018320638851166 28.750193159832655 2.9818782291201464
0.380859375 68.15852774750931 0.12798800836550728 28.725280390053115 2.988203854072011
0.382080078125 68.17928846681657 0.12582990248637754 28.70033882364896 2.9945428070480298
0.38330078125 68.20002720632321 0.12370825989665377 28.675369386160355 3.00089514761972
0.384521484375 68.22074361546413 0.1216224624454176 28.650372987009654 3.007260935080744
0.3857421875 68.24143734926903 0.1195719025025182 28.62535051977607 3.0136402284523176
0.386962890625 68.2621080682668 0.11755598277891224 28.600302862465686 3.0200330864885383
0.38818359375 68.28275543839139 0.11557411615007401 28.57523087777683 3.02643956768164
0.389404296875 68.30337913088941 0.11362572548242326 28.550135413360927 3.032859730267173
0.390625 68.3239788222292 0.11171024346271964 28.52501730207891 3.039293632229113
0.391845703125 68.34455419401144 0.1098271124303732 28.499877362253233 3.0457413313048907
0.39306640625 68.36510493288137 0.1079757842126215 28.474716397915586 3.05220288499036
0.394287109375 68.38563073044233 0.10615571996252438 28.449535199050395 3.0586783505446875
0.3955078125 68.40613128317088 0.10436638999972872 28.424334541834153 3.0651677849951766
0.396728515625 68.4266062923333 0.10260727365395576 28.39911518887066 3.071671245142022
0.39794921875 68.44705546390352 0.1008778591111648 28.37387788942226 3.078188787562997
0.399169921875 68.4674785084824 0.09917764326234765 28.34862337963712 3.084720468618073
0.400390625 68.48787514121841 0.09750613155490913 28.323352382772644 3.091266344453977
0.401611328125 68.50824508172964 0.09586283784658924 28.29806560941504 3.0978264710086774
0.40283203125 68.52858805402707 0.09424728426188411 28.272763757695184 3.1044009040158143
0.404052734375 68.5489037864392 0.0926590010509228 28.247447513500767 3.1109896990090595
0.4052734375 68.56919201153794 0.09109752645075815 28.22211755068483 3.117592911326419
0.406494140625 68.5894524660657 0.08956240654903067 28.196774531270744 3.1242105961144717
0.40771484375 68.60968489086373 0.08805319514996471 28.171419105653687 3.1308428083325497
0.408935546875 68.62988903080173 0.08656945364265732 28.146051912798683 3.137489602756856
0.41015625 68.65006463470853 0.08511075087162062 28.120673580435263 3.144151033984527
0.411376953125 68.67021145530397 0.0836766630095391 28.095284725248796 3.150827156437635
0.41259765625 68.69032924913203 0.0822667734322042 28.06988595306857 3.1575180243671324
0.413818359375 68.71041777649495 0.08088067259558882 28.04447785905266 3.1642236918567437
0.4150390625 68.7304768013885 0.0795179579150253 28.019061027869615 3.170944212826798
0.416259765625 68.7505060914384 0.07817823364645099 27.99363603387709 3.1776796410380075
0.41748046875 68.77050541783767 0.07686111076968581 27.968203441297405 3.1844300300951933
0.418701171875 68.7904745552852 0.07556620687370742 27.94276380439009 3.1911954334509582
0.419921875 68.81041328192524 0.07429314604388958 27.917317667621532 3.197975904409304
0.421142578125 68.8303213792879 0.07304155875117024 27.89186556583169 3.2047714961292013
0.42236328125 68.85019863223076 0.07181108174311643 27.866408024397984 3.211582261628105
0.423583984375 68.8700448288813 0.07060135793685328 27.84094555939638 3.218408253785421
0.4248046875 68.88985976058046 0.06941203631382556 27.815478677759742 3.2252495253459235
0.426025390625 68.90964322182701 0.06824277181636015 27.79000787743346 3.232106128923123
0.42724609375 68.92939501022293 0.06709322524599882 27.76453364752844 3.2389781170025858
0.428466796875 68.94911492641968 0.06596306316357081 27.739056468471496 3.245865541945206
0.4296875 68.96880277406541 0.06485195779097566 27.713576812153136 3.2527684559904317
0.430908203125 68.98845835975298 0.06375958691464681 27.688095142072882 3.2596869112594455
0.43212890625 69.00808149296893 0.06268563379066737 27.66261191348207 3.2666209597582965
0.433349609375 69.02767198604323 0.06162978705150959 27.637127573524236 3.2735706533809905
0.4345703125 69.04722965409997 0.06059174061437036 27.6116425613731 3.280536043912536
0.435791015625 69.06675431500874 0.059571193591075405 27.586157308368207 3.2875171830319436
0.43701171875 69.086245789337 0.058567850199525186 27.56067223814825 3.2945141223151864
0.438232421875 69.10570390030307 0.057581419676656205 27.535187766782116 3.3015269132381158
0.439453125 69.12512847373003 0.056611616192891755 27.5097043028977 3.308555607179335
0.440673828125 69.14451933800034 0.0556581587680565 27.484222247808535 3.315600255423034
0.44189453125 69.1638763240112 0.054720771188729915 27.458741995638256 3.3226609091617827
0.443115234375 69.18319926513074 0.053799181927013856 27.433263933442934 3.329737619499282
0.4443359375 69.20248799715486 0.05289312406069004 27.40778844133134 3.3368304374530786
0.445556640625 69.22174235826482 0.05200233519474365 27.38231589258316 3.343939413957242
0.44677734375 69.24096218898556 0.05112655738422956 27.35684665376518 3.3510645998649977
0.447998046875 69.26014733214468 0.05026553705845831 27.331381084845503 3.3582060459513285
0.44921875 69.27929763283213 0.04941902494647904 27.305919539305826 3.3653638029155357
0.450439453125 69.29841293836057 0.04858677600383728 27.280462364251797 3.372537921383765
0.45166015625 69.31749309822641 0.047768549340585685 27.255009900521483 3.379728451911496
0.452880859375 69.33653796407144 0.04696410815052619 27.229562482792012 3.3869354449859936
0.4541015625 69.3555473896452 0.046173219641662606 27.20412043968438 3.394158951028731
0.455322265625 69.37452123076787 0.04539565496784271 27.178684093866494 3.4013990203977698
0.45654296875 69.39345934529386 0.044631189161569614 27.153253762154424 3.4086557033901133
0.457763671875 69.412361593076 0.04387960106796224 27.12782975561198 3.4159290502440207
0.458984375 69.43122783593027 0.043140673279845256 27.102412379648552 3.423219111141293
0.460205078125 69.45005793760119 0.04241419207394908 27.077001934115305 3.4305259362095226
0.46142578125 69.46885176372771 0.041699947348200886 27.051598713399734 3.4378495755243135
0.462646484375 69.4876091818098 0.040997732560088 27.0262030065186 3.4451900791114674
0.4638671875 69.50633006117543 0.040307344666075134 27.000815097209305 3.4525474969491405
0.465087890625 69.52501427294824 0.03962858406205757 26.975435264019687 3.4599218789699706
0.46630859375 69.54366169001565 0.038961254524832345 26.950063780396306 3.46731327506317
0.467529296875 69.56227218699759 0.038305163154570124 26.924700914771215 3.474721735076592
0.46875 69.58084564021566 0.03766012031827048 26.899346930647265 3.4821473088187678
0.469970703125 69.5993819276629 0.0370259395941838 26.874002086681955 3.489590046060912
0.47119140625 69.61788092897403 0.03640243771718321 26.848666636769842 3.4970499965389035
0.472412109375 69.63634252539607 0.03578943452507017 26.823340830123577 3.504527209955233
0.4736328125 69.6547665997597 0.0351867529057978 26.798024911353536 3.5120217359809285
0.474853515625 69.6731530364508 0.03459421874559619 26.77271912054612 3.5195336242574493
0.47607421875 69.69150172138274 0.03401166087798415 26.747423693340696 3.527062924398555
0.477294921875 69.70981254196892 0.03343891103365224 26.722138861005252 3.5346096859921468
0.478515625 69.72808538709592 0.0328758037912022 26.696864850510764 3.542173958602085
0.479736328125 69.74632014709698 0.03232217652872795 26.67160188460428 3.549755791769977
0.48095703125 69.76451671372601 0.031777869376223865 26.646350181880784 3.5573552350169444
0.482177734375 69.78267498013197 0.031242725168806013 26.62110995685383 3.564972337845361
0.4833984375 69.8007948408337 0.03071658940073254 26.59588142002496 3.572607149740568
0.484619140625 69.81887619169521 0.03019931018020937 26.570664777951972 3.5802597201725654
0.48583984375 69.8369189299013 0.029690738184967837 26.545460233316007 3.5879300985976785
0.487060546875 69.85492295393367 0.029190726618600983 26.52026798498749 3.5956183344602017
0.48828125 69.87288816354732 0.028699131167645484 26.495088228090978 3.603324477194018
0.489501953125 69.89081445974749 0.02821580995939647 26.469921154068874 3.6110485762241957
0.49072265625 69.90870174476686 0.027740623520442625 26.444766950744086 3.618790680968564
0.491943359375 69.92654992204318 0.027273434735909242 26.4196258023816 3.6265508408392644
0.4931640625 69.94435889619726 0.026814108809397066 26.394497889749015 3.634329105244281
0.494384765625 69.96212857301133 0.026362513223605024 26.369383390176065 3.6421255235889505
0.49560546875 69.97985885940778 0.025918517701625097 26.344282477613092 3.649940145277448
0.496826171875 69.99754966342822 0.025481994168897806 26.319195322688575 3.6577730197142535
0.498046875 70.0152008942129 0.025052816715817005 26.294122092765637 3.6656241963056
0.499267578125 70.03281246198046 0.024630861560972824 26.269062951997622 3.673493724460896
0.50048828125 70.05038427800807 0.024216007015021836 26.244018061382718 3.681381653594132
0.501708984375 70.06791625461184 0.023808133445173695 26.21898757881765 3.689288033125267
0.5029296875 70.0854083051276 0.023407123240283677 26.19397165915046 3.697212912481592
0.504150390625 70.1028603438919 0.02301286077654071 26.16897045423241 3.7051563410990798
0.50537109375 70.12027228622351 0.022625232383740743 26.143984112968976 3.7131183684237103
0.506591796875 70.13764404840502 0.02224412631213537 26.119012781369992 3.721099043912781
0.5078125 70.15497554766495 0.021869432699845866 26.094056602598947 3.7290984170361976
0.509033203125 70.17226670215993 0.02150104354083295 26.069115717021432 3.7371165372777457
0.51025390625 70.1895174309574 0.021138852653412737 26.044190262252783 3.7451534541363465
0.511474609375 70.20672765401845 0.020782755649309547 26.01928037320489 3.7532092171272935
0.5126953125 70.22389729218101 0.020432649903236337 25.99438618213223 3.761283875783472
0.513916015625 70.24102626714325 0.020088434522993734 25.969507818677137 3.7693774796565624
0.51513671875 70.2581145014474 0.019750010320078788 25.944645409914248 3.7774900783182255
0.516357421875 70.27516191846362 0.0194172797807947 25.919799080394256 3.785621721361271
0.517578125 70.2921684423744 0.01909014703785293 25.894968952186883 3.7937724584008112
0.518798828125 70.30913399815896 0.018768517842459316 25.870155144923142 3.8019423390753975
0.52001953125 70.32605851157807 0.018452299536875803 25.845357775836877 3.81013141304814
0.521240234375 70.34294190915911 0.018141401027449742 25.82057695980559 3.8183397300078132
0.5224609375 70.35978411818132 0.017835732758102685 25.795812809390583 3.8265673396699458
0.523681640625 70.37658506666136 0.017535206684270832 25.771065434876434 3.834814291777894
0.52490234375 70.393344683339 0.0172397362472894 25.746334944309776 3.8430806361039016
0.526123046875 70.41006289766317 0.016949236349213283 25.721621443537444 3.851366422450144
0.52734375 70.42673963977819 0.01666362332806658 25.69692503624395 3.859671700649757
0.528564453125 70.44337484051024 0.016382814933513592 25.67224582398835 3.8679965205678544
0.52978515625 70.45996843135403 0.016106730302944128 25.647583906240467 3.8763409321025266
0.531005859375 70.47652034445967 0.01583528993796598 25.622939380416497 3.88470498518583
0.5322265625 70.49303051261987 0.01556841568129764 25.598312341914042 3.893088729784758
0.533447265625 70.5094988692572 0.015306030694054364 25.57370288414651 3.901492215902204
0.53466796875 70.52592534841169 0.015048059433420892 25.549111098576958 3.909915493577904
0.535888671875 70.54230988472854 0.014794427630704182 25.524537074751354 3.918358612889374
0.537109375 70.55865241344611 0.014545062269759662 25.49998090033127 3.9268216239528253
0.538330078125 70.57495287038407 0.014299891565784607 25.47544266112603 3.9353045769240764
0.53955078125 70.59121119193172 0.01405884494447237 25.450922441124323 3.943807521999444
0.540771484375 70.60742731503657 0.01382185302152127 25.42642032252524 3.9523305094166283
0.5419921875 70.62360117719305 0.013588847582492104 25.401936385768835 3.96087358945558
0.543212890625 70.63973271643144 0.01335976156300829 25.377470709566143 3.96943681243936
0.54443359375 70.65582187130698 0.01313452902929279 25.353023370928693 3.9780202287349837
0.545654296875 70.67186858088914 0.012913085159036056 25.328594445197513 3.986623888754256
0.546875 70.6878727847511 0.01269536622258935 25.30418400607167 3.9952478429545937
0.548095703125 70.70383442295935 0.012481309564477839 25.279792125636284 4.0038921418398346
0.54931640625 70.71975343606356 0.012270853585228043 25.255418874390124 4.01255683596104
0.550537109375 70.73562976508649 0.012063937723504219 25.231064321272683 4.021241975917279
0.5517578125 70.75146335151416 0.011860502438548432 25.206728533690825 4.029947612356411
0.552978515625 70.7672541372862 0.01166048919291911 25.18241157754498 4.038673795975847
