0.0 95.0 5.0 0.0 0.0
0.0048828125 94.76849960311388 5.011938491459169 0.21956190542695708 0.0
0.009765625 94.53788165921574 5.023338709123319 0.43877963166094036 0.0
0.0146484375 94.30817007195725 5.034199052033986 0.6576308760087618 0.0
0.01953125 94.07938847092802 5.044518171034998 0.8760933580369734 0.0
0.0244140625 93.85156020119814 5.054294968282692 1.094144830519169 0.0
0.029296875 93.62470831317226 5.06352859651394 1.3117630903137996 0.0
0.0341796875 93.39885555276271 5.072218458075079 1.528925989162217 0.0
0.0390625 93.17402435188797 5.080364203715203 1.7456114443968436 0.0
0.0439453125 92.95023681930277 5.0879657311476665 1.9617974495495696 0.0
0.048828125 92.72751473176538 5.095023183383947 2.1774620848506867 0.0
0.0537109375 92.50587952554672 5.101536946844402 2.3925835276089025 0.0
0.05859375 92.28535228828608 5.10750764925073 2.607140062463215 0.0
0.0634765625 92.06595375119706 5.112936157305283 2.8211100914976877 0.0
0.068359375 91.84770428162695 5.117823574162659 3.0344721442104277 0.0
0.0732421875 91.63062387597243 5.1221712366992564 3.247204887328347 0.0
0.078125 91.41473215295369 5.125980712586766 3.4592871344595792 0.0
0.0830078125 91.20004834724851 5.129253797175797 3.670697855575721 0.0
0.087890625 90.9865913034876 5.131992510196053 3.881416186316372 0.0
0.0927734375 90.77437947061156 5.134199092279701 4.091421437108765 0.0
0.09765625 90.56343089658968 5.135876001314748 4.300693102095605 0.0
0.1025390625 90.35376322350005 5.137025908635422 4.509210867864559 0.0
0.107421875 90.14539368297014 5.1376516950567135 4.71695462197318 0.0
0.1123046875 89.9383390919763 5.137756446760354 4.923904461263376 0.0
0.1171875 89.73261584900047 5.1373434510396505 5.130040699959917 0.0
0.1220703125 89.52823993054159 5.136416191910684 5.33534387754776 0.0
0.126953125 89.32522688797918 5.134978345597458 5.539794766423391 0.0
0.1318359375 89.12359184478566 5.133033775898673 5.743374379315689 0.0
0.13671875 88.92334949408401 5.130586529443835 5.946063976472189 0.0
0.1416015625 88.72451409654661 5.127640830846445 6.147845072606974 0.0
0.146484375 88.5270994786312 5.124201077762045 6.348699443606792 0.0
0.1513671875 88.33111903114884 5.120271835858866 6.548609132992323 0.0
0.15625 88.13658570815927 5.115857833708867 6.747556458131899 0.0
0.1611328125 87.94351202618788 5.110963957606855 6.945524016205315 0.0
0.166015625 87.75191006375894 5.105595246325388 7.14249468991572 0.0
0.1708984375 87.56179146123905 5.099756885813077 7.338451652947923 0.0
0.17578125 87.37316742098443 5.093454203843842 7.533378375171786 0.0
0.1806640625 87.18604870778577 5.086692664624575 7.727258627589706 0.0
0.185546875 87.00044564960392 5.079477863368599 7.920076487027534 0.0
0.1904296875 86.81636813858933 5.071815520842157 8.111816340568568 0.0
0.1953125 86.63382563237833 5.063711477891089 8.302462889730625 0.0
0.2001953125 86.45282715565891 5.055171689954683 8.49200115438646 0.0
0.205078125 86.27338130199837 5.0462022215735765 8.680416476428112 0.0
0.2099609375 86.09549623592555 5.036809240898406 8.867694523176098 0.0
0.21484375 85.9191796952597 5.0269990142057654 9.053821290534586 0.0
0.2197265625 85.74443899367819 5.016777900427843 9.238783105894024 0.0
0.224609375 85.57128102351517 5.006152345701939 9.42256663078294 0.0
0.2294921875 85.39971225878325 4.9951288779458975 9.605158863270894 0.0
0.234375 85.22973875840998 4.983714101465257 9.786547140124812 0.0
0.2392578125 85.06136616968108 4.971914691597775 9.966719138721194 0.0
0.244140625 84.89459973188241 4.9597373894007495 10.145662878716896 0.0
0.2490234375 84.72944428013228 4.947188996386348 10.323366723481413 0.0
0.25390625 84.56590424939621 4.934276369309997 10.499819381293834 0.0
0.2587890625 84.40398367867566 4.921006415016598 10.675009906307785 0.0
0.263671875 84.24368621536293 4.907386085349183 10.848927699287938 0.0
0.2685546875 84.08501511975389 4.893422372124377 11.02156250812178 0.0
0.2734375 83.92797326971066 4.879122302178816 11.192904428110573 0.0
0.2783203125 83.77256316546607 4.86449293249046 11.36294390204353 0.0
0.283203125 83.6187869345621 4.8495413453785154 11.53167172005944 0.0
0.2880859375 83.4666463369145 4.834274643785452 11.699079019300111 0.0
0.29296875 83.31614276999558 4.818699946644412 11.865157283360064 0.0
0.2978515625 83.16727727412785 4.802824384335041 12.029898341537155 0.0
0.302734375 83.02005053788066 4.7866550942306025 12.193294367888779 0.0
0.3076171875 82.87446290356255 4.77019921633899 12.355337880098515 0.0
0.3125 82.73051437280188 4.753463889040063 12.516021738158114 0.0
0.3173828125 82.58820461220876 4.736456244921492 12.675339142869813 0.0
0.322265625 82.44753295911087 4.719183406715134 12.833283634174057 0.0
0.3271484375 82.30849842735661 4.7016524833357085 12.989849089307745 0.0
0.33203125 82.17109971317848 4.683870566023395 13.145029720798192 0.0
0.3369140625 82.0353352011103 4.665844724591728 13.298820074298032 0.0
0.341796875 81.90120296995171 4.647582003782012 13.451215026266333 0.0
0.3466796875 81.76870079877357 4.629089419725281 13.602209781501214 0.0
0.3515625 81.63782617295816 4.61037395651263 13.751799870529275 0.0
0.3564453125 81.50857629026828 4.5914425628746 13.899981146857183 0.0
0.361328125 81.38094806693925 4.572302148970091 14.04674978409072 0.0
0.3662109375 81.25493814378827 4.552959583285142 14.19210227292665 0.0
0.37109375 81.13054289233563 4.533421689641735 14.336035418022702 0.0
0.3759765625 81.00775842093245 4.51369524431664 14.478546334750975 0.0
0.380859375 80.88658058088986 4.493786973270148 14.61963244584006 0.0
0.3857421875 80.76700497260455 4.473703549484425 14.759291477911091 0.0
0.390625 80.64902695167603 4.4534515904110465 14.89752145791299 0.0
0.3955078125 80.53264163501088 4.433037655527174 15.034320709462015 0.0
0.400390625 80.4178439069096 4.412468243999679 15.169687849090787 0.0
0.4052734375 80.30462842513182 4.391749792456413 15.303621782411831 0.0
0.41015625 80.19298962693567 4.3708886728637255 15.43612170020067 0.0
0.4150390625 80.08292173508748 4.349891190509175 15.567187074403405 0.0
0.419921875 79.97441876383807 4.3287635820883255 15.696817654073662 0.0
0.4248046875 79.86747452486192 4.3075120138943985 15.825013461243747 0.0
0.4296875 79.7620826331559 4.286142580109454 15.951774786734717 0.0
0.4345703125 79.65823651289432 4.264661301195709 16.077102185910043 0.0
0.439453125 79.55592940323713 4.2430741223855035 16.20099647437744 0.0
0.4443359375 79.45515436408834 4.221386912268356 16.323458723643373 0.0
0.44921875 79.35590428180197 4.199605461473483 16.44449025672462 0.0
0.4541015625 79.25817187483277 4.1777354814460885 16.56409264372122 0.0
0.458984375 79.16194969932934 4.155782603315681 16.682267697355062 0.0
0.4638671875 79.0672301546673 4.1337523768546 16.799017468478187 0.0
0.46875 78.97400548892028 4.1116502695249135 16.914344241554886 0.0
0.4736328125 78.88226780426679 4.089481665611786 17.02825053012151 0.0
0.478515625 78.79200906233086 4.06725186544138 17.140739072227838 0.0
0.4833984375 78.70322108945504 4.044966084681318 17.25181282586372 0.0
0.48828125 78.6158955819037 4.02262945372172 17.361474964374654 0.0
0.4931640625 78.53002411099547 4.0002470171347735 17.469728871869826 0.0
0.498046875 78.44559812816325 3.977823733210796 17.57657813862601 0.0
0.5029296875 78.36260896994061 3.955364473568731 17.682026556490722 0.0
0.5078125 78.28104786287332 3.9328740228389942 17.78607811428775 0.0
0.5126953125 78.2009059283552 3.9103570784165766 17.888736993228292 0.0
0.517578125 78.12217418738712 3.8878182502823226 17.990007562330625 0.0
0.5224609375 78.04484356525853 3.865262060890273 18.08989437385126 0.0
0.52734375 77.96890489615072 3.8426929451189804 18.18840215873037 0.0
0.5322265625 77.89434892766113 3.8201152502847067 18.28553582205423 0.0
0.537109375 77.82116632524846 3.7975332362144045 18.38130043853721 0.0
0.5419921875 77.74934767659776 3.774951075376415 18.475701248025892 0.0
0.546875 77.67888349590562 3.7523728530668055 18.568743651027646 0.0
0.5517578125 77.60976422808476 3.729802567649297 18.660433204266017 0.0
0.556640625 77.54198025288822 3.70724413084675 18.75077561626509 0.0
0.5615234375 77.47552188895293 3.6847013680821785 18.839776742964954 0.0
0.56640625 77.4103793977625 3.6621780188673094 18.927442583370254 0.0
0.5712890625 77.34654298752957 3.6396777372367017 19.01377927523378 0.0
0.576171875 77.2840028169977 3.617204092225483 19.09879309077687 0.0
0.5810546875 77.2227489991629 3.5947605683887764 19.182490432448372 0.0
0.5859375 77.1627716049153 3.5723505663609236 19.264877828723822 0.0
0.5908203125 77.10406066660107 3.549977403452638 19.345961929946338 0.0
0.595703125 77.04660618150506 3.527644314284253 19.425749504210742 0.0
0.6005859375 76.99039811525455 3.505354451453259 19.50424743329225 0.0
0.60546875 76.93542640514467 3.4831108862343645 19.581462708621025 0.0
0.6103515625 76.88168096338588 3.460916609310339 19.657402427303836 0.0
0.615234375 76.82915168027422 3.4387745315319362 19.732073788193897 0.0
0.6201171875 76.77782842728485 3.416687484705235 19.805484088009976 0.0
0.625 76.72770106008954 3.3946582224047663 19.877640717505752 0.0
0.6298828125 76.67875942149895 3.3726894208108305 19.94855115769028 0.0
0.634765625 76.63099334433016 3.350783679569454 20.018222976100436 0.0
0.6396484375 76.5843926542005 3.328943522673463 20.086663823126088 0.0
0.64453125 76.5389471722482 3.307171399363198 20.153881428388647 0.0
0.6494140625 76.49464671778095 3.2854696850454252 20.21988359717367 0.0
0.654296875 76.45148111085297 3.263840682229044 20.284678206918034 0.0
0.6591796875 76.40944017477163 3.242286621476225 20.348273203752193 0.0
0.6640625 76.36851373853445 3.220809662367655 20.410676599097954 0.0
0.6689453125 76.32869163919733 3.199411894480599 20.47189646632212 0.0
0.673828125 76.28996372417515 3.178095338378536 20.531940937446358 0.0
0.6787109375 76.25231985347538 3.156861946611157 20.590818199913503 0.0
0.68359375 76.21574990186593 3.1357136047235508 20.648536493410564 0.0
0.6884765625 76.18024376097806 3.1146521322734517 20.70510410674854 0.0
0.693359375 76.14579134134543 3.093679283855448 20.76052937479917 0.0
0.6982421875 76.11238257438025 3.072796750131095 20.8148206754887 0.0
0.703125 76.08000741428748 3.052006158863915 20.867986426848645 0.0
0.7080078125 76.04865583991821 3.031309075958295 20.920035084123537 0.0
0.712890625 76.01831785656312 3.010707006501341 20.970975136935582 0.0
0.7177734375 75.98898349768714 2.99020139580677 21.02081510650612 0.0
0.72265625 75.96064282660635 2.96979363045997 21.06956354293372 0.0
0.7275390625 75.93328593810791 2.949485039363382 21.117229022528743 0.0
0.732421875 75.9069029600145 2.929276894781396 21.163820145204134 0.0
0.7373046875 75.88148405469386 2.90917041338399 21.209345531922185 0.0
0.7421875 75.85701942051466 2.889166757288372 21.253813822197 0.0
0.7470703125 75.83349929324982 2.8692670350979066 21.297233671652307 0.0
0.751953125 75.81091394742806 2.8494723029376665 21.339613749634303 0.0
0.7568359375 75.78925369763496 2.8297835654859465 21.380962736879127 0.0
0.76171875 75.76850889976433 2.810201777001134 21.42128932323457 0.0
0.7666015625 75.74866995222108 2.790727842343349 21.460602205435606 0.0
0.771484375 75.7297272970765 2.771362617990297 21.498910084933247 0.0
0.7763671875 75.71167142117692 2.752106913046805 21.53622166577632 0.0
0.78125 75.69449285720688 2.7329614902475434 21.572545652545614 0.0
0.7861328125 75.6781821847077 2.7139270669524573 21.607890748339884 0.0
0.791015625 75.66273003105233 2.6950043161344657 21.642265652813236 0.0
0.7958984375 75.64812707237776 2.6761938673589993 21.675679060263274 0.0
0.80078125 75.63436403447555 2.6574963077549905 21.70813965776949 0.0
0.8056640625 75.6214316936418 2.6389121829769326 21.7396561233813 0.0
0.810546875 75.6093208774872 2.6204419981576708 21.770237124355152 0.0
0.8154296875 75.5980224657084 2.6020862188515888 21.79989131544005 0.0
0.8203125 75.58752739082118 2.583845271967897 21.828627337210957 0.0
0.8251953125 75.57782663885692 2.565719546693732 21.856453814449388 0.0
0.830078125 75.56891125002267 2.547709395406813 21.883379354570565 0.0
0.8349609375 75.56077231932613 2.529815134577407 21.909412546096508 0.0
0.83984375 75.55340099716625 2.5120370456593895 21.934561957174406 0.0
0.8447265625 75.54678848989026 2.494375375970187 21.95883613413959 0.0
0.849609375 75.54092606031813 2.4768303395594296 21.982243600122477 0.0
0.8544921875 75.53580502823515 2.4594021180661314 22.004792853698753 0.0
0.859375 75.53141677085355 2.442090861564263 22.026492367582208 0.0
0.8642578125 75.52775272324399 2.424896689396571 22.047350587359457 0.0
0.869140625 75.52480437873756 2.4078196909965306 22.06737593026593 0.0
0.8740234375 75.52256328929928 2.3908599266983277 22.086576784002403 0.0
0.87890625 75.52102106587381 2.374017428534781 22.104961505591426 0.0
0.8837890625 75.52016937870398 2.3572922010231268 22.122538420272914 0.0
0.888671875 75.51999995762316 2.34068422193861 22.139315820438263 0.0
0.8935546875 75.52050459232193 2.324193443075826 22.15530196460227 0.0
0.8984375 75.52167513259006 2.3078197909977787 22.170505076412187 0.0
0.9033203125 75.52350348853417 2.291563167772633 22.18493334369322 0.0
0.908203125 75.5259816307721 2.275423451698144 22.198594917529796 0.0
0.9130859375 75.52910159060437 2.259400498013759 22.21149791138191 0.0
0.91796875 75.53285546016374 2.2434941396004 22.22365040023589 0.0
0.9228515625 75.53723539254321 2.227704187667947 22.235060419788873 0.0
0.927734375 75.54223360190322 2.212030432430443 22.245735965666366 0.0
0.9326171875 75.54784236355877 2.1964726437690554 22.255684992672197 0.0
0.9375 75.554054014047 2.1810305718828404 22.26491541407019 0.0
0.9423828125 75.56086095117574 2.165703947927359 22.273435100896926 0.0
0.947265625 75.56825563405391 2.1504924846412004 22.281251881304918 0.0
0.9521484375 75.57623058310396 2.135395876960485 22.288373539935577 0.0
0.95703125 75.58477838005732 2.120413802621412 22.2948078173213 0.0
0.9619140625 75.59389166793305 2.105545922750933 22.300562409316047 0.0
0.966796875 75.60356315100057 2.0907918824456377 22.305644966553817 0.0
0.9716796875 75.61378559472676 2.076151311338938 22.310063093934325 0.0
0.9765625 75.62455182570802 2.061623824156649 22.313824350135345 0.0
0.9814453125 75.63585473158791 2.0472090212610663 22.316936247151048 0.0
0.986328125 75.64768726096064 2.032906489183641 22.319406249855746 0.0
0.9912109375 75.66004242326117 2.0187158011463673 22.321241775592476 0.0
0.99609375 75.67291328864223 2.0046365175719916 22.32245019378579 0.0
1.0009765625 75.68629298783867 1.9906681865831595 22.323038825578195 0.0
1.005859375 75.70017471201975 1.9768103444906238 22.323014943489657 0.0
1.0107421875 75.71455171262977 1.9630625162706345 22.322385771099622 0.0
1.015625 75.72941730121742 1.9494242160316377 22.321158482750967 0.0
1.0205078125 75.74476484925428 1.9358949474704112 22.319340203275342 0.0
1.025390625 75.7605877879429 1.9224742043177698 22.316938007739363 0.0
1.0302734375 75.77687960801494 1.9091614707739724 22.313958921211125 0.0
1.03515625 75.7936338595196 1.8959562219339658 22.31040991854647 0.0
1.0400390625 75.81084415160286 1.882857924202604 22.30629792419456 0.0
1.044921875 75.82850415227787 1.8698660356999792 22.30162981202217 0.0
1.0498046875 75.84660758818677 1.8569800066570066 22.296412405156243 0.0
1.0546875 75.86514824435443 1.8441992798014017 22.290652475844187 0.0
1.0595703125 75.88411996393437 1.8315232907341956 22.28435674533145 0.0
1.064453125 75.90351664794721 1.8189514682969266 22.27753188375588 0.0
1.0693359375 75.92333225501199 1.8064832349296556 22.270184510058385 0.0
1.07421875 75.94356080107062 1.7941180070199474 22.262321191909464 0.0
1.0791015625 75.96419635910594 1.7818551952429615 22.253948445651123 0.0
1.083984375 75.98523305885348 1.769694204892799 22.245072736253746 0.0
1.0888671875 76.00666508650731 1.7576344362052478 22.235700477287473 0.0
1.09375 76.0284866844203 1.7456752846720724 22.225838030907664 0.0
1.0986328125 76.05069215079902 1.7338161413469924 22.21549170785402 0.0
1.103515625 76.07327583939359 1.722056393143492 22.20466776746295 0.0
1.1083984375 76.09623215918266 1.7103954231246066 22.193372417692764 0.0
1.11328125 76.11955557405388 1.6988326107848275 22.18161181516132 0.0
1.1181640625 76.14324060248003 1.6873673323242693 22.169392065195716 0.0
1.123046875 76.16728181719115 1.675998960915239 22.15671922189362 0.0
1.1279296875 76.19167384484273 1.6647268669613506 22.143599288195933 0.0
1.1328125 76.21641136568034 1.6535504183493241 22.130038215970334 0.0
1.1376953125 76.241489113201 1.642468980693608 22.1160419061054 0.0
1.142578125 76.26690187381111 1.631481917573963 22.101616208614942 0.0
1.1474609375 76.29264448648168 1.6205885907661473 22.086766922752183 0.0
1.15234375 76.3187118424007 1.6097883604658334 22.07149979713347 0.0
1.1572265625 76.34509888462291 1.5990805855058987 22.055820529871188 0.0
1.162109375 76.37180060771726 1.5884646235672162 22.039734768715526 0.0
1.1669921875 76.39881205741212 1.5779398313830828 22.023248111204808 0.0
1.171875 76.42612833023854 1.5675055649374148 22.00636610482405 0.0
1.1767578125 76.45374457317168 1.5571611796568376 21.989094247171487 0.0
1.181640625 76.48165598327049 1.5469060305968017 21.97143798613271 0.0
1.1865234375 76.50985780731597 1.5367394726218482 21.953402720062186 0.0
1.19140625 76.53834534144802 1.5266608605801513 21.934993797971828 0.0
1.1962890625 76.56711393080116 1.5166695494724602 21.916216519726383 0.0
1.201171875 76.5961589691391 1.5067648946155627 21.897076136245335 0.0
1.2060546875 76.62547589848853 1.496946251800391 21.87757784971107 0.0
1.2109375 76.65506020877206 1.4872129774448886 21.857726813783053 0.0
1.2158203125 76.68490743744047 1.4775644287417555 21.837528133817766 0.0
1.220703125 76.71501316910465 1.467999963801188 21.816986867094155 0.0
1.2255859375 76.74537303516692 1.4585189417887252 21.796108023044344 0.0
1.23046875 76.77598271345227 1.4491207230583174 21.774896563489403 0.0
1.2353515625 76.80683792783934 1.4398046692807236 21.75335740287992 0.0
1.240234375 76.83793444789147 1.4305701435673506 21.731495408541168 0.0
1.2451171875 76.8692680884877 1.421416510589638 21.70931540092265 0.0
1.25 76.90083470945407 1.4123431366940962 21.686822153851825 0.0
1.2548828125 76.93263021519513 1.4033493900131022 21.664020394791766 0.0
1.259765625 76.96465055432584 1.3944346405715522 21.64091480510261 0.0
1.2646484375 76.99689171930396 1.3855982603894752 21.61751002030657 0.0
1.26953125 77.02934974606298 1.376839623580704 21.593810630356323 0.0
1.2744140625 77.06202071364571 1.3681581064477024 21.569821179906587 0.0
1.279296875 77.09490074383861 1.3595530875726412 21.545546168588746 0.0
1.2841796875 77.1279860008069 1.3510239479048212 21.52099005128828 0.0
1.2890625 77.16127269073057 1.3425700708445316 21.496157238424892 0.0
1.2939453125 77.19475706144141 1.3341908423234354 21.471052096235145 0.0
1.298828125 77.22843540206098 1.3258856508815713 21.445678947057434 0.0
1.3037109375 77.26230404263976 1.3176538877410584 21.420042069619168 0.0
1.30859375 77.29635935379741 1.3094949468765897 21.39414569932598 0.0
1.3134765625 77.33059774636435 1.301408225082798 21.367994028552836 0.0
1.318359375 77.3650156710245 1.2933931220385768 21.34159120693692 0.0
1.3232421875 77.39960961795947 1.2854490403684373 21.31494134167208 0.0
1.328125 77.43437611649419 1.277575385700979 21.288048497804812 0.0
1.3330078125 77.46931173474387 1.2697715667245546 21.260916698531563 0.0
1.337890625 77.50441307926253 1.2620369952402009 21.233549925497247 0.0
1.3427734375 77.5396767946932 1.254371086211915 21.205952119094878 0.0
1.34765625 77.57509956341946 1.2467732578143456 21.178127178766186 0.0
1.3525390625 77.61067810521894 1.2392429314779707 21.15007896330308 0.0
1.357421875 77.64640917691827 1.2317795319318352 21.12181129114988 0.0
1.3623046875 77.6822895720499 1.2243824872439122 21.09332794070617 0.0
1.3671875 77.7183161205106 1.2170512288591595 21.06463265063023 0.0
1.3720703125 77.75448568822179 1.2097851916353344 21.035729120142857 0.0
1.376953125 77.79079517679179 1.2025838138766312 21.00662100933156 0.0
1.3818359375 77.8272415231798 1.1954465373652055 20.977311939454978 0.0
1.38671875 77.86382169936186 1.188372807390647 20.947805493247458 0.0
1.3916015625 77.90053271199882 1.1813620727774592 20.918105215223694 0.0
1.396484375 77.93737160210603 1.1744137859106063 20.888214611983337 0.0
1.4013671875 77.97433544472528 1.1675274027591849 20.858137152515493 0.0
1.40625 78.01142134859863 1.1607023828982763 20.827876268503047 0.0
1.4111328125 78.04862645584421 1.1539381895290346 20.797435354626707 0.0
1.416015625 78.08594794163419 1.1472342894970642 20.766817768868698 0.0
1.4208984375 78.12338301387474 1.1405901533091396 20.736026832816073 0.0
1.42578125 78.16092891288814 1.134005255148319 20.705065831963502 0.0
1.4306640625 78.19858291109692 1.1274790728875006 20.673938016015533 0.0
1.435546875 78.23634231271025 1.121011088101472 20.642646599188232 0.0
1.4404296875 78.27420445341232 1.1146007860775002 20.611194760510134 0.0
1.4453125 78.31216670005298 1.108247655824508 20.579585644122467 0.0
1.4501953125 78.35022645034051 1.1019511900808836 20.547822359578564 0.0
1.455078125 78.38838113253657 1.095710885320967 20.515907982142433 0.0
1.4599609375 78.42662820515329 1.0895262417602571 20.483845553086415 0.0
1.46484375 78.46496515665271 1.0833967633593824 20.45163807998788 0.0
1.4697265625 78.50338950514818 1.0773219578268738 20.41928853702492 0.0
1.474609375 78.54189879810822 1.0713013366207849 20.38679986527097 0.0
1.4794921875 78.58049061206243 1.0653344149491935 20.354174972988353 0.0
1.484375 78.61916255230969 1.0594207117696275 20.321416735920664 0.0
1.4892578125 78.65791225262858 1.0535597497874485 20.288527997583948 0.0
1.494140625 78.69673737499005 1.0477510554532328 20.25551156955669 0.0
1.4990234375 78.7356356092723 1.0419941589591835 20.222370231768497 0.0
1.50390625 78.77460467297784 1.0362885942346087 20.189106732787515 0.0
1.5087890625 78.813642310953 1.0306338989405 20.15572379010647 0.0
1.513671875 78.85274629510936 1.025029614463243 20.122224090427366 0.0
1.5185546875 78.89191442414771 1.0194752859074934 20.08861028994476 0.0
1.5234375 78.9311445232841 1.013970462088249 20.05488501462762 0.0
1.5283203125 78.97043444397814 1.0085146955221478 20.021050860499695 0.0
1.533203125 79.00978206366354 1.0031075424180214 19.987110393918424 0.0
1.5380859375 79.04918528548095 0.9977485626667346 19.953066151852298 0.0
1.54296875 79.08864203801294 0.9924373198303367 19.918920642156703 0.0
1.5478515625 79.12815027502124 0.9871733811305525 19.884676343848184 0.0
1.552734375 79.16770797518622 0.981956317436641 19.850335707377123 0.0
1.5576171875 79.20731314184853 0.9767857032526452 19.81590115489881 0.0
1.5625 79.24696380275303 0.9716611167040601 19.78137508054289 0.0
1.5673828125 79.28665800979489 0.9665821395239421 19.74675985068115 0.0
1.572265625 79.32639383876784 0.9615483570384845 19.712057804193655 0.0
1.5771484375 79.36616938911472 0.9565593581520815 19.67727125273319 0.0
1.58203125 79.40598278368007 0.9516147353319029 19.642402480988007 0.0
1.5869140625 79.4458321684651 0.9467140845920027 19.60745374694288 0.0
1.591796875 79.48571571238459 0.9418570054769811 19.57242728213841 0.0
1.5966796875 79.52563160702617 0.9370431010452219 19.537325291928596 0.0
1.6015625 79.56557806641159 0.932271977851724 19.502149955736677 0.0
1.6064453125 79.60555332676024 0.9275432459305477 19.466903427309195 0.0
1.611328125 79.64555564625479 0.9228565187768943 19.431587834968305 0.0
1.6162109375 79.68558330480886 0.9182114133288366 19.39620528186229 0.0
1.62109375 79.72563460383695 0.913607549948719 19.36075784621431 0.0
1.6259765625 79.7657078660264 0.9090445524042443 19.325247581569336 0.0
1.630859375 79.8058014351114 0.9045220478492638 19.289676517039318 0.0
1.6357421875 79.84591367564919 0.9000396668042866 19.25404665754651 0.0
1.640625 79.88604297279824 0.8955970431367246 19.218359984065014 0.0
1.6455078125 79.92618773209858 0.8911938140408885 19.1826184538605 0.0
1.650390625 79.96634637925412 0.8868296200177488 19.146824000728103 0.0
1.6552734375 80.00651735991697 0.8825041048544773 19.11097853522852 0.0
1.66015625 80.04669913947393 0.8782169156037817 19.075083944922252 0.0
1.6650390625 80.08689020283485 0.8739677025630488 19.039142094602063 0.0
1.669921875 80.12708905422308 0.869756119253307 19.003154826523573 0.0
1.6748046875 80.16729421696787 0.8655818223980232 18.96712396063406 0.0
1.6796875 80.2075042332988 0.8614444719017441 18.931051294799406 0.0
1.6845703125 80.2477176641421 0.857343730828596 18.894938605029253 0.0
1.689453125 80.287933088919 0.853279265380653 18.858787645700296 0.0
1.6943359375 80.32814910534597 0.849250744876185 18.82260014977779 0.0
1.69921875 80.36836432923694 0.8452578417277976 18.786377829035214 0.0
1.7041015625 80.40857739430736 0.8413002314204727 18.75012237427212 0.0
1.708984375 80.44878695198024 0.8373775924895205 18.713835455530184 0.0
1.7138671875 80.48899167119407 0.8334896064984533 18.677518722307425 0.0
1.71875 80.52919023821254 0.8296359580167895 18.641173803770627 0.0
1.7236328125 80.5693813564362 0.8258163345977977 18.60480230896596 0.0
1.728515625 80.60956374621597 0.8220304267561895 18.568405827027803 0.0
1.7333984375 80.64973614466844 0.8182779279457693 18.531985927385758 0.0
1.73828125 80.68989730549302 0.8145585345370493 18.495544159969896 0.0
1.7431640625 80.73004599879091 0.8108719457948387 18.459082055414218 0.0
1.748046875 80.77018101088584 0.8072178638558127 18.422601125258318 0.0
1.7529296875 80.81030114414658 0.8035959937060714 18.38610286214731 0.0
1.7578125 80.85040521681131 0.8000060431586924 18.34958874002996 0.0
1.7626953125 80.89049206281359 0.7964477228312878 18.31306021435508 0.0
1.767578125 80.93056053161024 0.7929207461235688 18.276518722266154 0.0
1.7724609375 80.97060948801078 0.7894248291949262 18.239965682794253 0.0
1.77734375 81.01063781200875 0.7859596909420328 18.20340249704918 0.0
1.7822265625 81.05064439861458 0.7825250529764729 18.166830548408907 0.0
1.787109375 81.09062815769026 0.7791206396024055 18.130251202707292 0.0
1.7919921875 81.13058801378561 0.7757461777942655 18.093665808420088 0.0
1.796875 81.17052290597623 0.7724013971745093 18.05707569684923 0.0
1.8017578125 81.2104317877031 0.7690860299914097 18.02048218230545 0.0
1.806640625 81.25031362661385 0.7657998110969045 17.983886562289214 0.0
1.8115234375 81.29016740440552 0.7625424779245034 17.947290117669944 0.0
1.81640625 81.32999211666909 0.7593137704672578 17.910694112863617 0.0
1.8212890625 81.36978677273548 0.7561134312557994 17.87409979600869 0.0
1.826171875 81.40955039552315 0.7529412053364487 17.83750839914036 0.0
1.8310546875 81.44928202138733 0.7497968402493993 17.80092113836323 0.0
1.8359375 81.4889806999707 0.7466800860069824 17.764339214022286 0.0
1.8408203125 81.52864549405562 0.7435906950720131 17.72776381087232 0.0
1.845703125 81.56827547941803 0.7405284223362236 17.691196098245697 0.0
1.8505859375 81.60786974468263 0.7374930250987857 17.654637230218544 0.0
1.85546875 81.64742739117969 0.7344842630449266 17.61808834577535 0.0
1.8603515625 81.68694753280334 0.7315018982246403 17.581550568971988 0.0
1.865234375 81.72642929587131 0.7285456950314974 17.54502500909716 0.0
1.8701171875 81.7658718189861 0.725615420181557 17.508512760832307 0.0
1.875 81.80527425289763 0.7227108426923823 17.472014904409953 0.0
1.8798828125 81.84463576036728 0.7198317338621627 17.435532505770517 0.0
1.884765625 81.88395551603341 0.7169778672489451 17.399066616717608 0.0
1.8896484375 81.92323270627818 0.7141490186499759 17.362618275071803 0.0
1.89453125 81.96246652909589 0.7113449660811573 17.32618850482292 0.0
1.8994140625 82.00165619396256 0.7085654897566172 17.289778316280795 0.0
1.904296875 82.04080092170699 0.7058103720683981 17.253388706224595 0.0
1.9091796875 82.07989994438309 0.7030793975662639 17.217020658050625 0.0
1.9140625 82.11895250514362 0.7003723529376276 17.180675141918723 0.0
1.9189453125 82.1579578581152 0.6976890269876013 17.14435311489717 0.0
1.923828125 82.19691526827462 0.6950292106191701 17.10805552110618 0.0
1.9287109375 82.23582401132653 0.6923926968134909 17.071783291859948 0.0
1.93359375 82.27468337358233 0.689779280610318 17.03553734580731 0.0
1.9384765625 82.31349265184043 0.687188759088556 16.999318589070967 0.0
1.943359375 82.35225115326767 0.684620931346942 16.963127915385346 0.0
1.9482421875 82.39095819528205 0.682075598484857 16.926966206233054 0.0
1.953125 82.42961310543672 0.6795525635832689 16.890834330979974 0.0
1.9580078125 82.46821522130514 0.6770516316858068 16.854733147009004 0.0
1.962890625 82.50676389036755 0.6745726097799684 16.81866349985244 0.0
1.9677734375 82.54525846989847 0.6721153067784594 16.782626223323028 0.0
1.97265625 82.58369832685561 0.6696795335006691 16.746622139643673 0.0
1.9775390625 82.62208283776981 0.6672651026542783 16.710652059575864 0.0
1.982421875 82.66041138863618 0.6648718288170041 16.674716782546763 0.0
1.9873046875 82.69868337480644 0.6624995284184796 16.638817096775025 0.0
1.9921875 82.73689820088237 0.6601480197222698 16.60295377939531 0.0
1.9970703125 82.77505528061036 0.657817122808024 16.567127596581557 0.0
2.001953125 82.8131540367772 0.655506659553765 16.531339303668965 0.0
2.0068359375 82.85119390110688 0.6532164536183153 16.495589645274745 0.0
2.01171875 82.88917431415845 0.6509463304238607 16.459879355417627 0.0
2.0166015625 82.92709472522515 0.648696117138651 16.42420915763614 0.0
2.021484375 82.96495459223442 0.6464656426598385 16.38857976510568 0.0
2.0263671875 83.00275338164914 0.6442547375964537 16.352991880754345 0.0
2.03125 83.04049056836979 0.642063234252519 16.31744619737763 0.0
2.0361328125 83.07816563563776 0.6398909666102999 16.28194339775188 0.0
2.041015625 83.11577807493964 0.6377377703136932 16.246484154746604 0.0
2.0458984375 83.15332738591259 0.635603482651753 16.2110691314356 0.0
2.05078125 83.19081307625062 0.6334879425423542 16.175698981206967 0.0
2.0556640625 83.22823466161202 0.631390990515992 16.140374347871923 0.0
2.060546875 83.26559166552768 0.6293124686997195 16.105095865772537 0.0
2.0654296875 83.3028836193104 0.6272522208012206 16.069864159888308 0.0
2.0703125 83.34011006196526 0.6252100920930201 16.03467984594165 0.0
2.0751953125 83.37727054010082 0.6231859293968297 15.999543530502274 0.0
2.080078125 83.41436460784143 0.6211795810680283 15.96445581109047 0.0
2.0849609375 83.45139182674033 0.6191908969802794 15.92941727627932 0.0
2.08984375 83.48835176569382 0.6172197285102821 15.894428505795835 0.0
2.0947265625 83.52524400085625 0.6152659285226562 15.859490070621032 0.0
2.099609375 83.56206811555602 0.6133293513549621 15.824602533088962 0.0
2.1044921875 83.59882370021239 0.611409852802854 15.7897664469847 0.0
2.109375 83.63551035225328 0.6095072901053646 15.7549823576413 0.0
2.1142578125 83.67212767603388 0.6076215219303244 15.72025080203573 0.0
2.119140625 83.70867528275622 0.6057524083599104 15.685572308883804 0.0
2.1240234375 83.7451527903895 0.6038998108763283 15.6509473987341 0.0
2.12890625 83.7815598235914 0.6020635923476233 15.616376584060902 0.0
2.1337890625 83.81789601363015 0.6002436170136224 15.581860369356143 0.0
2.138671875 83.85416099830752 0.5984397504720051 15.547399251220392 0.0
2.1435546875 83.89035442188255 0.5966518596645035 15.512993718452869 0.0
2.1484375 83.92647593499619 0.5948798128632299 15.478644252140507 0.0
2.1533203125 83.96252519459672 0.593123479657132 15.444351325746073 0.0
2.158203125 83.998501863866 0.5913827309385752 15.410115405195354 0.0
2.1630859375 84.03440561214646 0.5896574388900501 15.375936948963412 0.0
2.16796875 84.07023611486898 0.5879474769710057 15.341816408159934 0.0
2.1728515625 84.10599305348146 0.5862527199048071 15.307754226613659 0.0
2.177734375 84.14167611537819 0.5845730436658169 15.273750840955916 0.0
2.1826171875 84.17728499383004 0.5829083254665994 15.23980668070328 0.0
2.1875 84.21281938791535 0.5812584437452479 15.205922168339326 0.0
2.1923828125 84.24827900245155 0.579623278152832 15.17209771939553 0.0
2.197265625 84.28366354792765 0.578002709540967 15.138333742531302 0.0
2.2021484375 84.31897274043726 0.5763966199495023 15.104630639613152 0.0
2.20703125 84.35420630161255 0.5748048925943295 15.070988805793037 0.0
2.2119140625 84.38936395855877 0.5732274118553083 15.037408629585839 0.0
2.216796875 84.42444544378958 0.57166406326431 15.003890492946036 0.0
2.2216796875 84.459450495163 0.5701147334933776 14.970434771343545 0.0
2.2265625 84.49437885581817 0.5685793103430021 14.93704183383875 0.0
2.2314453125 84.52923027411268 0.5670576827305135 14.903712043156732 0.0
2.236328125 84.56400450356064 0.5655497406785855 14.870445755760695 0.0
2.2412109375 84.59870130277146 0.5640553753038545 14.837243321924612 0.0
2.24609375 84.6333204353892 0.5625744788056499 14.804105085805087 0.0
2.2509765625 84.66786167003265 0.5611069444548373 14.771031385512446 0.0
2.255859375 84.7023247802361 0.5596526665827712 14.738022553181061 0.0
2.2607421875 84.73670954439065 0.5582115405703585 14.705078915038921 0.0
2.265625 84.77101574568624 0.5567834628372306 14.67220079147646 0.0
2.2705078125 84.80524317205429 0.5553683308310238 14.639388497114625 0.0
2.275390625 84.83939161611093 0.5539660430167672 14.606642340872236 0.0
2.2802734375 84.87346087510096 0.5525764988663767 14.573962626032603 0.0
2.28515625 84.90745075084226 0.551199598848255 14.54134965030943 0.0
2.2900390625 84.94136104967095 0.5498352444169958 14.508803705912007 0.0
2.294921875 84.97519158238705 0.5484833380031928 14.476325079609701 0.0
2.2998046875 85.00894216420085 0.5471437830033508 14.443914052795751 0.0
2.3046875 85.04261261467968 0.545816483769899 14.411570901550368 0.0
2.3095703125 85.07620275769548 0.5445013456013066 14.37929589670316 0.0
2.314453125 85.10971242137276 0.5431982747322974 14.347089303894885 0.0
2.3193359375 85.14314143803726 0.5419071783241652 14.314951383638522 0.0
2.32421875 85.17648964416506 0.5406279644551871 14.2828823913797 0.0
2.3291015625 85.20975688033236 0.5393605421111349 14.25088257755645 0.0
2.333984375 85.24294299116572 0.5381048211758835 14.218952187658342 0.0
2.3388671875 85.27604782529288 0.5368607124221157 14.18709146228495 0.0
2.34375 85.30907123529413 0.5356281275021217 14.155300637203702 0.0
2.3486328125 85.34201307765416 0.5344069789386935 14.123579943407094 0.0
2.353515625 85.37487321271455 0.5331971801161127 14.091929607169291 0.0
2.3583984375 85.40765150462661 0.5319986452712312 14.060349850102112 0.0
2.36328125 85.44034782130491 0.5308112894846435 14.0288408892104 0.0
2.3681640625 85.4729620343812 0.5296350286719503 13.997402936946804 0.0
2.373046875 85.50549401915889 0.5284697795751125 13.966036201265952 0.0
2.3779296875 85.53794365456801 0.5273154597538938 13.934740885678051 0.0
2.3828125 85.57031082312068 0.5261719875773929 13.90351718930189 0.0
2.3876953125 85.60259541086702 0.5250392822156628 13.872365306917278 0.0
2.392578125 85.63479730735165 0.5239172636314169 13.841285429016901 0.0
2.3974609375 85.66691640557052 0.5228058525718219 13.810277741857629 0.0
2.40234375 85.69895260192834 0.5217049705603752 13.779342427511253 0.0
2.4072265625 85.73090579619642 0.5206145398888673 13.748479663914672 0.0
2.412109375 85.762775891471 0.5195344836094273 13.71768962491954 0.0
2.4169921875 85.79456279413195 0.5184647255266522 13.686972480341366 0.0
2.421875 85.82626641380207 0.5174051901898173 13.65632839600808 0.0
2.4267578125 85.85788666330673 0.5163558028851682 13.625757533808072 0.0
2.431640625 85.88942345863397 0.5153164896282937 13.595260051737707 0.0
2.4365234375 85.92087671889507 0.5142871771565777 13.564836103948323 0.0
2.44140625 85.95224636628554 0.5132677929217307 13.534485840792708 0.0
2.4462890625 85.98353232604649 0.512258265082399 13.504209408871086 0.0
2.451171875 86.01473452642654 0.5112585224968513 13.474006951076582 0.0
2.4560546875 86.04585289864401 0.5102684947157422 13.443878606640212 0.0
2.4609375 86.07688737684965 0.5092881119749514 13.413824511175358 0.0
2.4658203125 86.10783789808968 0.5083173051884976 13.383844796721782 0.0
2.470703125 86.1387044022693 0.5073560059415279 13.353939591789139 0.0
2.4755859375 86.16948683211656 0.5064041464833793 13.324109021400025 0.0
2.48046875 86.2001851331467 0.5054616597207142 13.294353207132552 0.0
2.4853515625 86.23079925362678 0.5045284792107277 13.264672267162457 0.0
2.490234375 86.2613291445408 0.5036045391544263 13.235066316304751 0.0
2.4951171875 86.29177475955508 0.5026897743899766 13.205535466054913 0.0
2.5 86.32213605498421 0.5017841203861259 13.176079824629632 0.0
2.5048828125 86.35241298975718 0.5008875132356895 13.146699497007102 0.0
2.509765625 86.38260552538398 0.4999998896491087 13.117394584966881 0.0
2.5146484375 86.41271362592259 0.49912118694807533 13.08816518712931 0.0
2.51953125 86.44273725794626 0.4982513430592242 13.059011398994492 0.0
2.5244140625 86.47267639051123 0.4973902965078913 13.029933312980868 0.0
2.529296875 86.50253099512472 0.4965379864119386 13.000931018463335 0.0
2.5341796875 86.53230104571337 0.4956943524756432 12.97200460181098 0.0
2.5390625 86.56198651859197 0.49485933498365137 12.94315414642438 0.0
2.5439453125 86.5915873924325 0.4940328747949962 12.914379732772497 0.0
2.548828125 86.62110364823364 0.4932149133371782 12.885681438429174 0.0
2.5537109375 86.65053526929046 0.4924053926003086 12.857059338109222 0.0
2.55859375 86.67988224116456 0.4916042551313141 12.828513503704116 0.0
2.5634765625 86.70914455165449 0.49081144402820326 12.800044004317298 0.0
2.568359375 86.73832219076651 0.49002690293439266 12.771650906299094 0.0
2.5732421875 86.76741515068566 0.4892505760330936 12.743334273281238 0.0
2.578125 86.79642342574721 0.4884824080417576 12.715094166211035 0.0
2.5830078125 86.82534701240829 0.4877223442065806 12.686930643385129 0.0
2.587890625 86.85418590922002 0.48697033029706543 12.65884376048291 0.0
2.5927734375 86.8829401167998 0.4862263126006409 12.630833570599552 0.0
2.59765625 86.91160963780396 0.4854902379173386 12.60290012427869 0.0
2.6025390625 86.94019447690074 0.48476205355452495 12.575043469544728 0.0
2.607421875 86.96869464074351 0.4840417073216897 12.547263651934799 0.0
2.6123046875 86.99711013794433 0.48332914752528855 12.519560714530376 0.0
2.6171875 87.02544097904783 0.4826243229636406 12.491934697988528 0.0
2.6220703125 87.05368717650529 0.4819271829218796 12.46438564057283 0.0
2.626953125 87.08184874464911 0.48123767716695814 12.436913578183942 0.0
2.6318359375 87.10992569966746 0.480555755942705 12.40951854438984 0.0
2.63671875 87.13791805957935 0.4798813699649338 12.382200570455723 0.0
2.6416015625 87.16582584420982 0.4792144704166039 12.354959685373577 0.0
2.646484375 87.19364907516554 0.47855500894303205 12.327795915891436 0.0
2.6513671875 87.22138777581057 0.477902937647154 12.300709286542286 0.0
2.65625 87.24904197124249 0.4772582090848368 12.273699819672686 0.0
2.6611328125 87.27661168826873 0.47662077626023963 12.246767535471042 0.0
2.666015625 87.3040969553832 0.47599059262122406 12.219912451995592 0.0
2.6708984375 87.33149780274314 0.47536761205481204 12.193134585202063 0.0
2.67578125 87.35881426214628 0.47475178888269204 12.16643394897104 0.0
2.6806640625 87.38604636700823 0.4741430778567723 12.13981055513501 0.0
2.685546875 87.4131941523401 0.4735414341547805 12.113264413505135 0.0
2.6904296875 87.44025765472641 0.4729468133759102 12.086795531897698 0.0
2.6953125 87.46723691230322 0.47235917153651236 12.060403916160281 0.0
2.7001953125 87.49413196473654 0.4717784650658325 12.03408957019764 0.0
2.705078125 87.52094285320092 0.4712046508017923 12.007852495997293 0.0
2.7099609375 87.54766962035836 0.4706376859868157 11.98169269365483 0.0
2.71484375 87.57431231033736 0.47007752826369836 11.955610161398942 0.0
2.7197265625 87.60087096871231 0.46952413567152057 11.929604895616164 0.0
2.724609375 87.62734564248305 0.46897746664160295 11.903676890875353 0.0
2.7294921875 87.65373638005461 0.4684374799935045 11.877826139951887 0.0
2.734375 87.68004323121734 0.46790413493106225 11.852052633851601 0.0
2.7392578125 87.70626624712708 0.46737739103847264 11.826356361834453 0.0
