0.0 95.0 5.0 0.0 0.0
0.15625 88.144945455951 5.1157875822360195 6.739266961812973 0.0
0.3125 82.74890881186181 4.754037656408271 12.497053531729922 0.0
0.46875 78.99689630977146 4.113609807297688 16.88949388293086 0.0
0.625 76.74801156736488 3.397846192079624 19.854142240555493 0.0
0.78125 75.70800102394344 2.736658270236837 21.55534070581972 0.0
0.9375 75.55982303112401 2.1845923469327766 22.255584621943214 0.0
1.09375 76.02751997383078 1.748766670568678 22.22371335560054 0.0
1.25 76.89480836574879 1.4148757286898261 21.690315905561384 0.0
1.40625 78.00198213323407 1.1627151090131989 20.83530275775273 0.0
1.5625 79.23546238134675 0.9732372437397512 19.791300374913494 0.0
1.71875 80.51663888305292 0.8308622129974966 18.65249890394958 0.0
1.875 81.79239169557385 0.7236621353500201 17.48394616907613 0.0
2.03125 83.02776753698318 0.6427993941373837 16.32943306887944 0.0
2.1875 84.20057901535203 0.5818255483544009 15.217595436293562 0.0
2.34375 85.29751720743782 0.5360610800437693 14.166421712518407 0.0
2.5 86.31138857881373 0.5021091920659928 13.18650222912027 0.0
2.65625 87.23916379217316 0.4774951564405467 12.283341051386286 0.0
2.8125 88.08060490599901 0.4604057233632307 11.458989370637743 0.0
2.96875 88.83730250695788 0.4495028438317059 10.713194649210402 0.0
3.125 89.51200332800133 0.4437906855115612 10.044205986487096 0.0
3.28125 90.10814429028747 0.4425201995794747 9.449335510133045 0.0
3.4375 90.62953391412327 0.44511993582200254 8.92534615005472 0.0
3.59375 91.08013952815786 0.4511451702819971 8.468715301560136 0.0
3.75 91.46395086503532 0.4602398469836532 8.075809287981016 0.0
3.90625 91.7848990582258 0.4721075640237463 7.742993377750435 0.0
4.0625 92.04681586960005 0.4864890539343272 7.46669507646561 0.0
4.21875 92.2534219602242 0.5031444716117657 7.243433568164022 0.0
4.375 92.40833571134377 0.5218394184640497 7.069824870192176 0.0
4.53125 92.51509589348116 0.5423340709963086 6.942570035522523 0.0
4.6875 92.57719265014747 0.5643750913346492 6.858432258517874 0.0
4.84375 92.59810202360543 0.5876902028699492 6.814207773524604 0.0
5.0 92.58131977546482 0.6119854307887107 6.806694793746458 0.0
5.15625 92.53039068698247 0.6369450427524931 6.8326642702650275 0.0
5.3125 92.44892997982329 0.6622341859006785 6.888835834276024 0.0
5.46875 92.34063406737444 0.687504111948085 6.9718618206774705 0.0
5.625 92.20927858564734 0.7123997275610559 7.0783216867916 0.0
5.78125 92.05870257691582 0.7365690248217217 7.204728398262459 0.0
5.9375 91.89277877894152 0.7596737652642538 7.347547455794231 0.0
6.09375 91.7153711344078 0.7814006427356294 7.5032282228565705 0.0
6.25 91.53028177063229 0.8014720652855402 7.668246164082176 0.0
6.40625 91.34119068250608 0.8196556965585352 7.83915362093539 0.0
6.5625 91.15159206034625 0.8357719916907895 8.012635947962977 0.0
6.71875 90.96473154563333 0.8496991444089697 8.18556930995771 0.0
6.875 90.7835486255301 0.8613751083640927 8.355076266105806 0.0
7.03125 90.61062790310373 0.870796632925659 8.518575463970603 0.0
7.1875 90.4481621714176 0.8780155234245115 8.673822305157886 0.0
7.34375 90.29792918605872 0.8831325629496742 8.81893825099159 0.0
7.5 90.16128290449548 0.8862896915574061 8.952427403947098 0.0
7.65625 90.03915887352942 0.8876611167077411 9.073180009762828 0.0
7.8125 89.93209250871126 0.8874440272835697 9.180463464005157 0.0
7.96875 89.84024829805628 0.8858495154769157 9.273902186466797 0.0
8.125 89.76345751289352 0.8830941961500292 9.353448290956436 0.0
8.28125 89.70126181980332 0.8793928744350201 9.41934530576165 0.0
8.4375 89.65296022831282 0.8749524700654815 9.472087301621682 0.0
8.59375 89.6176570294757 0.8699672774789741 9.512375693045312 0.0
8.75 89.5943087229161 0.8646155345762423 9.54107574250765 0.0
8.90625 89.58176833792352 0.859057194981129 9.559174467095342 0.0
9.0625 89.57882597900775 0.8534327488354122 9.567741272156836 0.0
9.21875 89.58424483041216 0.8478629124359297 9.56789225715191 0.0
9.375 89.59679221201587 0.8424490024087214 9.560758785575402 0.0
9.53125 89.61526557663981 0.8372738200526824 9.547460603307496 0.0
9.6875 89.63851357107967 0.8324028906927629 9.529083538227564 0.0
9.84375 89.66545245214712 0.8278859268855029 9.506661620967368 0.0
10.0 89.69507826103016 0.8237584096726481 9.481163329297189 0.0
10.15625 89.72647522325732 0.8200432063748346 9.453481570367838 0.0
10.3125 89.75882086721408 0.816752165165882 9.424426967620027 0.0
10.46875 89.7913883510078 0.8138876451108369 9.394724003881358 0.0
10.625 89.82354646406569 0.8114439552669155 9.365009580667383 0.0
10.78125 89.85475773342462 0.8094086879754661 9.335833578599901 0.0
10.9375 89.8845750210548 0.8077639399697706 9.307661038975423 0.0
11.09375 89.91263695219511 0.8064874208483156 9.280875626956563 0.0
11.25 89.9386624687682 0.8055534523059699 9.255784078925819 0.0
11.40625 89.96244475863999 0.8049338637466679 9.232621377613325 0.0
11.5625 89.9838447720912 0.8045987909434941 9.211556436965282 0.0
11.71875 90.00278450201618 0.8045173846274047 9.192698113356386 0.0
11.875 90.01924017421003 0.8046584355715438 9.176101390218399 0.0
12.03125 90.03323546845857 0.8049909221293162 9.161773609412087 0.0
12.1875 90.04483486959802 0.8054844854593715 9.149680644942583 0.0
12.34375 90.05413722972806 0.8061098369578735 9.13975293331404 0.0
12.5 90.06126960775963 0.8068391018037843 9.131891290436565 0.0
12.65625 90.0663814398777 0.8076461020568942 9.125972458065386 0.0
12.8125 90.06963908376457 0.8085065824528912 9.121854333782514 0.0
12.96875 90.07122077009484 0.8093983819143119 9.119380847990831 0.0
13.125 90.07131198649773 0.8103015538235094 9.118386459678737 0.0
13.28125 90.07010131159407 0.8111984382549201 9.118700250150987 0.0
13.4375 90.06777670964878 0.8120736896031399 9.120149600748052 0.0
13.59375 90.06452228971364 0.8129142633318642 9.122563446954477 0.0
13.75 90.06051552681357 0.8137093658684689 9.12577510731794 0.0
13.90625 90.05592493675704 0.814450371945007 9.12962469129794 0.0
14.0625 90.05090819056852 0.815130713909254 9.133961095522203 0.0
14.21875 90.04561064941993 0.8157457476764557 9.138643602903597 0.0
14.375 90.04016429635715 0.816292600048491 9.143543103594338 0.0
14.53125 90.03468703716082 0.8167700020846363 9.148542960754524 0.0
14.6875 90.02928233941469 0.8171781130665536 9.153539547518731 0.0
14.84375 90.02403917633515 0.8175183393652353 9.15844248429959 0.0
15.0 90.01903224016851 0.8177931522002397 9.163174607631218 0.0
15.15625 90.0143223889944 0.8180059078960851 9.16767170310948 0.0
15.3125 90.00995729056085 0.8181606738039571 9.171882035635168 0.0
15.46875 90.00597222727613 0.8182620625866531 9.175765710137187 0.0
15.625 90.00239102762816 0.8183150770785567 9.179293895293258 0.0
15.78125 89.99922709101358 0.8183249674467872 9.182447941539607 0.0
15.9375 89.99648447514481 0.8182971019090678 9.18521842294609 0.0
16.09375 89.99415901776476 0.818236851820428 9.187604130414783 0.0
16.25 89.99223946723733 0.8181494915341531 9.189611041228495 0.0
16.40625 89.99070859959978 0.8180401130792231 9.19125128732096 0.0
16.5625 89.98954430276912 0.8179135553811466 9.192542141849707 0.0
16.71875 89.98872061170609 0.8177743474874765 9.193505040806405 0.0
16.875 89.9882086813864 0.8176266650433528 9.194164653570219 0.0
17.03125 89.98797768734546 0.8174742990943866 9.194548013560116 0.0
17.1875 89.98799564630484 0.8173206361710742 9.19468371752405 0.0
17.34375 89.9882301519152 0.8171686485268143 9.19460119955795 0.0
17.5 89.98864902293771 0.8170208933559767 9.194330083706285 0.0
17.65625 89.9892208632156 0.8168795198045771 9.19389961697979 0.0
17.8125 89.98991553455402 0.816746282599119 9.193338182846835 0.0
17.96875 89.99070454512793 0.8166225611543692 9.192672893717672 0.0
18.125 89.99156135728322 0.8165093830738274 9.191929259642924 0.0
18.28125 89.99246161959437 0.8164074510233699 9.19113092938224 0.0
18.4375 89.99338332881068 0.816317172035351 9.190299499153952 0.0
18.59375 89.99430692787847 0.8162386883841375 9.18945438373737 0.0
18.75 89.99521534658925 0.8161719092618569 9.188612744148873 0.0
18.90625 89.99609399159436 0.8161165425727308 9.187789465832878 0.0
19.0625 89.99693069256607 0.8160721262537574 9.18699718118015 0.0
19.21875 89.99771561119341 0.8160380586171224 9.186246330189432 0.0
19.375 89.99844111950034 0.816013627294246 9.185545253205387 0.0
19.53125 89.99910165368003 0.8159980364417956 9.184900309878149 0.0
19.6875 89.99969354927423 0.8159904319455288 9.184316018780216 0.0
19.84375 90.00021486310314 0.815989924427897 9.183795212468928 0.0
20.0 90.00066518688789 0.8159956099295156 9.183339203182562 0.0
